chr1	x1	x2	chr2	y1	y2	color	score	uVarScore	lVarScore	upSign	loSign
chr9	71250000	84250000	chr9	71250000	84250000	255,255,0	1.0401920389130535	0.1779581168930089	0.020893482720541694	0.5313390313390314	0.8190883190883191
chr9	101250000	122750000	chr9	101250000	122750000	255,255,0	1.1926059305888794	0.06328096142891323	0.12912329367355913	0.6932396273784356	0.7008893178255464
chr9	33000000	37750000	chr9	33000000	37750000	255,255,0	1.3017411832485315	0.05472211542214844	0.081592469890122	0.79	0.66
chr9	101250000	104500000	chr9	101250000	104500000	255,255,0	0.9913124093334889	0.08001746206468774	0.04338296577116285	0.5714285714285714	0.5714285714285714
chr9	27250000	32750000	chr9	27250000	32750000	255,255,0	1.559553932941949	0.02075920093781159	0.06891306617009729	0.8106060606060606	0.8409090909090909
chr9	89000000	92000000	chr9	89000000	92000000	255,255,0	0.8073909811010773	0.03586164970471559	0.04651493060692118	0.5	0.5
chr9	114750000	120500000	chr9	114750000	120500000	255,255,0	1.5226293727753297	0.03261670388410036	0.04875769862897858	0.8125	0.8402777777777778
chr9	93000000	98000000	chr9	93000000	98000000	255,255,0	1.1431947909343116	0.01453620484525689	0.06171902845675291	0.6818181818181818	0.7363636363636363
chr9	87500000	98500000	chr9	87500000	98500000	255,255,0	1.1230078003707655	0.024353316473069007	0.051272553122450465	0.5316205533596838	0.8320158102766798
chr9	22000000	32750000	chr9	22000000	32750000	255,255,0	1.2097361812118885	0.02026540649988783	0.055346422351148006	0.5227272727272727	0.8760330578512396
chr9	71750000	77000000	chr9	71750000	77000000	255,255,0	0.9113805485104632	0.05685374505957175	0.01036481299898699	0.6115702479338843	0.6611570247933884
chr9	22000000	26750000	chr9	22000000	26750000	255,255,0	1.3650000886600209	0.026823377006969504	0.022966949800262954	0.79	0.79
chr9	78250000	83500000	chr9	78250000	83500000	255,255,0	1.365556993964218	0.019498484899092262	0.025320781326016145	0.8099173553719008	0.8264462809917356
chr9	86000000	92000000	chr9	86000000	92000000	255,255,0	0.7725160515980177	0.012737613695894696	0.027995630214115545	0.532051282051282	0.5192307692307693
chr10	62250000	68000000	chr10	62250000	68000000	255,255,0	1.6691824928698076	0.047656332281354914	0.08117177860805819	0.7986111111111112	0.8541666666666666
chr10	50750000	68000000	chr10	50750000	68000000	255,255,0	1.6600594565634512	0.06365838402174873	0.05712637323871378	0.9289795918367347	0.8620408163265306
chr10	106250000	118250000	chr10	106250000	118250000	255,255,0	1.110296144505858	0.06939879559208548	0.04408609615438917	0.7107193732193733	0.5449928774928775
chr10	80250000	84000000	chr10	80250000	84000000	255,255,0	1.0562628115028272	0.07828082471588109	0.020837409666090476	0.640625	0.578125
chr10	6750000	11500000	chr10	6750000	11500000	255,255,0	1.4430744839802516	0.03701199139419095	0.05960270938790832	0.79	0.79
chr10	104250000	110000000	chr10	104250000	110000000	255,255,0	1.3074558554614195	0.06253492139001662	0.03260775474020275	0.8402777777777778	0.5069444444444444
chr10	68750000	73750000	chr10	68750000	73750000	255,255,0	1.378126491714053	0.05841905989549043	0.03215611173069456	0.8090909090909091	0.6636363636363637
chr10	50750000	62250000	chr10	50750000	62250000	255,255,0	1.2585514980156811	0.04457840100060176	0.0451912493475767	0.9365942028985508	0.5054347826086957
chr10	74000000	79000000	chr10	74000000	79000000	255,255,0	1.130699142885837	0.04051247201575071	0.04509852280037832	0.7181818181818181	0.6454545454545455
chr10	79750000	91500000	chr10	79750000	91500000	255,255,0	1.1403837702558004	0.04695549638913937	0.02948458308160347	0.7690972222222222	0.6059027777777778
chr10	15000000	18250000	chr10	15000000	18250000	255,255,0	0.920513858200398	0.05194141900457845	0.024224231297925582	0.5714285714285714	0.5714285714285714
chr10	52250000	58000000	chr10	52250000	58000000	255,255,0	1.4640327686112011	0.05605606250984993	0.018454721395506912	0.8541666666666666	0.8125
chr10	18500000	22750000	chr10	18500000	22750000	255,255,0	0.7712148855298683	0.028536300140262344	0.01962809441151221	0.5185185185185185	0.5185185185185185
chr10	15000000	26750000	chr10	15000000	26750000	255,255,0	0.8108868022632801	0.02631406311903322	0.013530179432816355	0.5295138888888888	0.5954861111111112
chr10	92250000	96250000	chr10	92250000	96250000	255,255,0	0.8435381205077042	0.013427355271077392	0.009701176806152257	0.5138888888888888	0.7083333333333334
chr11	61250000	75500000	chr11	61250000	75500000	255,255,0	1.2457760658249981	0.13017979023180196	0.049826375401122135	0.6920332936979786	0.6872770511296076
chr11	40250000	43250000	chr11	40250000	43250000	255,255,0	0.9033903753419259	0.017413980874029185	0.1217484470490355	0.5	0.5
chr11	63750000	75500000	chr11	63750000	75500000	255,255,0	0.9686513923887241	0.085560210457789	0.04445871507096336	0.5260416666666666	0.609375
chr11	78250000	111250000	chr11	78250000	111250000	255,255,0	1.5314469443389325	0.06417519501815283	0.05816731599106972	0.9328358208955224	0.5424019607843137
chr11	22500000	26250000	chr11	22500000	26250000	255,255,0	1.2616944296995987	0.06155308727765628	0.05162206186342182	0.640625	0.671875
chr11	78250000	107500000	chr11	78250000	107500000	255,255,0	1.514134604111585	0.05404917831950373	0.056273900845765085	0.9445561620224073	0.505044681464399
chr11	36500000	40000000	chr11	36500000	40000000	255,255,0	1.1930947408399635	0.08266906887559147	0.02287882020952802	0.625	0.625
chr11	36500000	43500000	chr11	36500000	43500000	255,255,0	1.8276723606150524	0.035150050083300424	0.04948679577533596	0.8904761904761904	0.8904761904761904
chr11	103000000	107000000	chr11	103000000	107000000	255,255,0	1.2293582460066836	0.042577893623127416	0.03841635867370341	0.7083333333333334	0.6805555555555556
chr11	123250000	129750000	chr11	123250000	129750000	255,255,0	0.8919596418087216	0.0532336431083343	0.020542803396718854	0.5659340659340659	0.5738636363636364
chr11	78750000	93500000	chr11	78750000	93500000	255,255,0	1.3610644017960773	0.04917938035736624	0.022482325971274524	0.8811111111111111	0.5188888888888888
chr11	26750000	31000000	chr11	26750000	31000000	255,255,0	1.0912849921406111	0.03348955950446439	0.03787141551985016	0.5679012345679012	0.6666666666666666
chr11	126000000	129750000	chr11	126000000	129750000	255,255,0	0.9633761860943305	0.03864139537081164	0.02708780608445274	0.609375	0.578125
chr11	95000000	100750000	chr11	95000000	100750000	255,255,0	1.5231685430459594	0.03271632390848478	0.024201875100521505	0.8541666666666666	0.8263888888888888
chr11	20750000	31500000	chr11	20750000	31500000	255,255,0	1.1469638189423945	0.0309090912764073	0.024784322112803136	0.7086776859504132	0.7045454545454546
chr11	112250000	116500000	chr11	112250000	116500000	255,255,0	1.0773472796334285	0.023846021883453753	0.03149076335577732	0.6419753086419753	0.6666666666666666
chr11	108000000	111500000	chr11	108000000	111500000	255,255,0	0.8592817678392773	0.024259930978899377	0.029671584908739244	0.5178571428571429	0.5535714285714286
chr11	90000000	93250000	chr11	90000000	93250000	255,255,0	0.9254253596101738	0.014157914380384077	0.03176394110855444	0.5306122448979592	0.5714285714285714
chr11	13000000	20000000	chr11	13000000	20000000	255,255,0	0.9446835971899263	0.02147682825191296	0.023880406029681202	0.5666666666666667	0.6333333333333333
chr12	39750000	45750000	chr12	39750000	45750000	255,255,0	1.3890367010422375	0.15125405448766702	0.03859891986221807	0.6794871794871795	0.8012820512820513
chr12	57750000	103750000	chr12	57750000	103750000	255,255,0	1.1896212350433557	0.08099818755063491	0.07553925139969712	0.7062879850397382	0.6084103388241596
chr12	47750000	57500000	chr12	47750000	57500000	255,255,0	1.5157228793358553	0.06007033292545717	0.077949473533265	0.7825	0.6925
chr12	70500000	103750000	chr12	70500000	103750000	255,255,0	1.002366130911859	0.0545954908726026	0.07513604819081549	0.5261750946758743	0.5955334987593052
chr12	58000000	63500000	chr12	58000000	63500000	255,255,0	1.7265648489245398	0.06895912937233512	0.03822923061153438	0.8409090909090909	0.7348484848484849
chr12	113250000	117750000	chr12	113250000	117750000	255,255,0	1.294033375773241	0.04848788645666603	0.046093715553486125	0.7666666666666667	0.5444444444444444
chr12	108250000	119750000	chr12	108250000	119750000	255,255,0	1.1859189795208096	0.053932877962131996	0.031061806872630347	0.6068840579710145	0.7445652173913043
chr12	14750000	25750000	chr12	14750000	25750000	255,255,0	1.3536717999723922	0.03396419541106639	0.04890870472682548	0.8280632411067194	0.7490118577075099
chr12	48750000	53250000	chr12	48750000	53250000	255,255,0	1.0741502040253632	0.05401247235728267	0.028160265875608076	0.6777777777777778	0.5222222222222223
chr12	27000000	31000000	chr12	27000000	31000000	255,255,0	1.189228629415613	0.01796967330673822	0.04766752181945511	0.625	0.7083333333333334
chr12	78000000	81250000	chr12	78000000	81250000	255,255,0	0.9349695495796321	0.04026551721453525	0.02310704118268069	0.5306122448979592	0.5306122448979592
chr12	21750000	25000000	chr12	21750000	25000000	255,255,0	0.9224445593936855	0.026310017623059387	0.02628525246612902	0.5714285714285714	0.5306122448979592
chr12	77000000	88250000	chr12	77000000	88250000	255,255,0	0.8592648441908098	0.02499864932043302	0.02680877417579552	0.5330812854442344	0.5217391304347826
chr12	95750000	103750000	chr12	95750000	103750000	255,255,0	1.3057792799653611	0.021552470339224396	0.027741940988661715	0.6727941176470589	0.8345588235294118
chr12	64500000	69000000	chr12	64500000	69000000	255,255,0	1.1361930072312305	0.021097734193916615	0.026148293340832688	0.6333333333333333	0.7
chr12	77750000	85000000	chr12	77750000	85000000	255,255,0	1.012463339604179	0.02292547820943694	0.02157935163898983	0.5155555555555555	0.7022222222222222
chr12	104250000	107750000	chr12	104250000	107750000	255,255,0	1.0577653286245292	0.02401950295000676	0.016248703408273186	0.625	0.625
chr12	9000000	13000000	chr12	9000000	13000000	255,255,0	0.967055404537332	0.020543419429242513	0.01823068289688649	0.5972222222222222	0.5694444444444444
chr12	109000000	112500000	chr12	109000000	112500000	255,255,0	0.9202300699340641	0.006277277504859914	0.028800089463944276	0.5535714285714286	0.5892857142857143
chr12	14750000	21250000	chr12	14750000	21250000	255,255,0	1.4363812061287822	0.021731967986860168	0.012295706585468996	0.8516483516483516	0.8076923076923077
chr13	19500000	24500000	chr13	19500000	24500000	255,255,0	1.3546523381649016	0.14629098805536267	0.01675344231731638	0.8090909090909091	0.6818181818181818
chr13	31250000	52750000	chr13	31250000	52750000	255,255,0	0.8244897627303822	0.1257892403851004	0.024223508669601167	0.6157505285412262	0.6580338266384778
chr13	102750000	108000000	chr13	102750000	108000000	255,255,0	1.4130757135278378	0.04339418057182137	0.057530543490543554	0.8264462809917356	0.7933884297520661
chr13	19500000	31000000	chr13	19500000	31000000	255,255,0	1.7844289977789276	0.08561901020367879	0.013900735346719276	0.9547101449275363	0.802536231884058
chr13	53250000	57500000	chr13	53250000	57500000	255,255,0	1.1067886576467096	0.0662480462820885	0.015776880920122794	0.7160493827160493	0.6666666666666666
chr13	45500000	49250000	chr13	45500000	49250000	255,255,0	0.8767666015959208	0.04252557583507961	0.03834772538379856	0.578125	0.546875
chr13	45250000	52250000	chr13	45250000	52250000	255,255,0	0.8863740655300885	0.028958050696330534	0.044043522008451255	0.5234854888701043	0.7100732600732601
chr13	86750000	91250000	chr13	86750000	91250000	255,255,0	1.2286212286029827	0.029778409150313136	0.03798025083364215	0.7222222222222222	0.7666666666666667
chr13	41250000	45000000	chr13	41250000	45000000	255,255,0	1.030498375127565	0.021713872540095224	0.03180356717442806	0.671875	0.671875
chr13	41250000	52250000	chr13	41250000	52250000	255,255,0	0.9571667417840585	0.019766473081350527	0.028677969650596873	0.5395256916996047	0.7727272727272727
chr13	53000000	60250000	chr13	53000000	60250000	255,255,0	1.1391579312541846	0.031785158160087576	0.013455508040580981	0.8977777777777778	0.5511111111111111
chr13	32500000	36500000	chr13	32500000	36500000	255,255,0	0.8676501422947296	0.021636235672505555	0.021367742130435387	0.6805555555555556	0.5138888888888888
chr13	61750000	67250000	chr13	61750000	67250000	255,255,0	1.2765540477038646	0.02238033957125795	0.01843550915766709	0.8257575757575758	0.8257575757575758
chr13	53250000	70000000	chr13	53250000	70000000	255,255,0	1.1937115430790515	0.02299449503933279	0.00811144501087163	0.8901384083044983	0.7032871972318339
chr13	32000000	41000000	chr13	32000000	41000000	255,255,0	0.9894080055668503	0.013446705864705638	0.011272006144198423	0.6461988304093568	0.7573099415204678
chr13	79000000	84500000	chr13	79000000	84500000	255,255,0	1.052989868237011	0.012088173943281714	0.009296202089267574	0.7651515151515151	0.7196969696969697
chr14	20500000	24250000	chr14	20500000	24250000	255,255,0	0.9772301287183852	0.15015068484868196	0.04492655226747391	0.5625	0.671875
chr14	24500000	35750000	chr14	24500000	35750000	255,255,0	1.2256352855305273	0.12902327891202428	0.023538362584160887	0.8147448015122873	0.7901701323251418
chr14	78000000	88750000	chr14	78000000	88750000	255,255,0	1.7507472709923912	0.034180159733335075	0.07251212641345331	0.9152892561983471	0.9235537190082644
chr14	30750000	34500000	chr14	30750000	34500000	255,255,0	1.111460644899368	0.04144554390853708	0.05753889267929428	0.671875	0.671875
chr14	77750000	81250000	chr14	77750000	81250000	255,255,0	0.92516227020455	0.08171809705239678	0.016935775926822008	0.625	0.5535714285714286
chr14	45500000	49500000	chr14	45500000	49500000	255,255,0	1.153754468082912	0.028119826760227173	0.05257458854166544	0.7083333333333334	0.7083333333333334
chr14	39250000	45000000	chr14	39250000	45000000	255,255,0	1.321479991240441	0.032634410643328116	0.041857514952367295	0.8402777777777778	0.7708333333333334
chr14	69000000	77250000	chr14	69000000	77250000	255,255,0	1.2143297713142727	0.0274605560376483	0.04413051362851682	0.726643598615917	0.8166089965397924
chr14	24750000	30250000	chr14	24750000	30250000	255,255,0	1.2724252313680078	0.0445907589223106	0.017370534996957426	0.8106060606060606	0.8106060606060606
chr14	69500000	73500000	chr14	69500000	73500000	255,255,0	0.9715430927502645	0.028620687275844874	0.020939921589873997	0.625	0.6527777777777778
chr14	50750000	54750000	chr14	50750000	54750000	255,255,0	0.9719507491460546	0.024344979546938088	0.023204300878361683	0.6527777777777778	0.6527777777777778
chr15	85250000	88500000	chr15	85250000	88500000	255,255,0	1.3176509071945308	0.08718438581326013	0.10961925680818699	0.5714285714285714	0.5714285714285714
chr15	34500000	39500000	chr15	34500000	39500000	255,255,0	1.57818088991779	0.11691329374632148	0.051624297825248966	0.5363636363636364	0.8090909090909091
chr15	40250000	44500000	chr15	40250000	44500000	255,255,0	1.5849242837246749	0.04990939894331102	0.04134890583485635	0.7407407407407407	0.691358024691358
chr15	45000000	56500000	chr15	45000000	56500000	255,255,0	1.6086611567026488	0.04350982856058261	0.04173564921276939	0.8097826086956522	0.7663043478260869
chr15	94250000	98000000	chr15	94250000	98000000	255,255,0	1.2802824781754532	0.04743948693984884	0.03495202415832282	0.671875	0.5
chr15	59000000	63250000	chr15	59000000	63250000	255,255,0	1.3373913708666643	0.02129060967310907	0.052027892707234555	0.6419753086419753	0.6790123456790124
chr15	45000000	51000000	chr15	45000000	51000000	255,255,0	1.5184327977916146	0.04725916496010524	0.017590861668369685	0.8397435897435898	0.5833333333333334
chr15	51500000	56500000	chr15	51500000	56500000	255,255,0	1.459564917199719	0.028896779925061254	0.029068730944318312	0.6636363636363637	0.7727272727272727
chr15	66250000	73750000	chr15	66250000	73750000	255,255,0	1.3207708129713605	0.037826571777781905	0.015865265165763236	0.7416666666666667	0.7791666666666667
chr16	50000000	57250000	chr16	50000000	57250000	255,255,0	1.1393839910635164	0.17114880751013317	0.028725898765478847	0.5777777777777777	0.8977777777777778
chr16	58750000	62000000	chr16	58750000	62000000	255,255,0	0.9611652234040409	0.12953897181227816	0.031259287662186344	0.5714285714285714	0.5714285714285714
chr16	5000000	10000000	chr16	5000000	10000000	255,255,0	1.065559637939541	0.08962617327102632	0.060157731201315894	0.6636363636363637	0.6454545454545455
chr16	71000000	84000000	chr16	71000000	84000000	255,255,0	0.9084320320025097	0.06893523054478375	0.06978665688292186	0.6054131054131054	0.6173076923076923
chr16	75500000	83750000	chr16	75500000	83750000	255,255,0	1.272216566683116	0.043983715641099236	0.08933771079556062	0.8858131487889274	0.6137184115523465
chr16	46500000	56750000	chr16	46500000	56750000	255,255,0	1.8228006326394	0.08371869679443966	0.03233515951084578	0.909297052154195	0.8072562358276644
chr16	58750000	66000000	chr16	58750000	66000000	255,255,0	1.6305398645256983	0.04707124705466126	0.057464694328271226	0.88	0.8711111111111111
chr16	71000000	74750000	chr16	71000000	74750000	255,255,0	0.9026282904478818	0.048812660535387534	0.05359192601153399	0.546875	0.640625
chr16	23750000	28000000	chr16	23750000	28000000	255,255,0	1.0767588916936475	0.03910146335914311	0.061659637382731405	0.6666666666666666	0.6666666666666666
chr16	76500000	81000000	chr16	76500000	81000000	255,255,0	0.9748013592333655	0.047878640131714535	0.047665885943448956	0.6555555555555556	0.5888888888888889
chr17	16000000	20500000	chr17	16000000	20500000	255,255,0	0.7346237266771811	0.024172712777545777	0.17332519888084003	0.5444444444444444	0.5
chr17	51000000	56500000	chr17	51000000	56500000	255,255,0	1.710761732356259	0.10156639388907684	0.05531466417242972	0.8333333333333334	0.8409090909090909
chr17	64000000	67750000	chr17	64000000	67750000	255,255,0	1.1332560676940404	0.043313038187039764	0.06456870526721314	0.640625	0.671875
chr17	68500000	73000000	chr17	68500000	73000000	255,255,0	1.4224056045892175	0.04123327084958717	0.06592700985791869	0.7666666666666667	0.7666666666666667
chr17	9000000	15750000	chr17	9000000	15750000	255,255,0	1.546447058782961	0.03445471070851944	0.049853052244356835	0.8928571428571429	0.8316326530612245
chr17	58750000	63500000	chr17	58750000	63500000	255,255,0	1.1128632929214537	0.027395671606947607	0.014793048254458638	0.71	0.75
chr18	50750000	54750000	chr18	50750000	54750000	255,255,0	1.4407114388116675	0.06986081916897251	0.043922414785349584	0.7083333333333334	0.5416666666666666
chr18	42000000	45750000	chr18	42000000	45750000	255,255,0	1.3601826652782933	0.022861186698645515	0.06268095963167558	0.609375	0.671875
chr18	59250000	62750000	chr18	59250000	62750000	255,255,0	1.0582522626541002	0.04532942204683986	0.029447298014950354	0.5178571428571429	0.5535714285714286
chr18	46250000	50250000	chr18	46250000	50250000	255,255,0	1.5549524725626414	0.035730061196874205	0.03781965979147488	0.7083333333333334	0.7083333333333334
chr18	36750000	41750000	chr18	36750000	41750000	255,255,0	1.720448031058355	0.04444779215933914	0.025377947530348846	0.8090909090909091	0.7727272727272727
chr18	36500000	45500000	chr18	36500000	45500000	255,255,0	1.6160359316579276	0.03285606235394066	0.031675742126123424	0.6812865497076024	0.8567251461988304
chr18	59750000	74750000	chr18	59750000	74750000	255,255,0	1.2509382022403386	0.04029241583417079	0.021435722011090813	0.7193548387096774	0.6309314586994728
chr18	27000000	34750000	chr18	27000000	34750000	255,255,0	1.5843869663370813	0.03925238423705586	0.014634801439618064	0.89453125	0.76953125
chr18	63250000	74000000	chr18	63250000	74000000	255,255,0	1.0196357352016967	0.027712470108015204	0.020396194769915468	0.5351239669421488	0.5732009925558312
chr18	70250000	73750000	chr18	70250000	73750000	255,255,0	1.1198786778857612	0.019367686234528808	0.025864043715040804	0.5892857142857143	0.5892857142857143
chr18	27000000	31500000	chr18	27000000	31500000	255,255,0	1.2291933789830447	0.021092227829570626	0.010539459187133782	0.7666666666666667	0.5222222222222223
chr19	29250000	33000000	chr19	29250000	33000000	255,255,0	1.2421469470192261	0.14981537309547766	0.047975577168499386	0.578125	0.671875
chr19	50000000	53750000	chr19	50000000	53750000	255,255,0	1.1822603190692205	0.024036622972780454	0.08089163776899731	0.671875	0.625
chr19	13250000	17750000	chr19	13250000	17750000	255,255,0	0.9295988697662678	0.025449526303025966	0.07038549707699884	0.5	0.5444444444444444
chr19	6000000	10500000	chr19	6000000	10500000	255,255,0	0.9192560334005171	0.03393894615252829	0.046410767575285894	0.5111111111111111	0.5444444444444444
chr19	45250000	49500000	chr19	45250000	49500000	255,255,0	1.219835371915587	0.04337167101394941	0.030737093819010033	0.6666666666666666	0.6419753086419753
chr20	18000000	26000000	chr20	18000000	26000000	255,255,0	1.1305299433573568	0.01217271427647386	0.142563132646841	0.7316176470588235	0.5073529411764706
chr20	31750000	37750000	chr20	31750000	37750000	255,255,0	1.7561068381485307	0.10358084148023436	0.03427215744586261	0.8076923076923077	0.7243589743589743
chr20	51500000	56750000	chr20	51500000	56750000	255,255,0	1.5974590791699992	0.06286354491494432	0.047153043394768016	0.7603305785123967	0.6611570247933884
chr20	38750000	44250000	chr20	38750000	44250000	255,255,0	1.6740921853749415	0.05193355009303452	0.035599612844956025	0.7045454545454546	0.8106060606060606
chr20	6000000	9000000	chr20	6000000	9000000	255,255,0	0.9839760750123769	0.07027760150094192	0.017145360201396426	0.5	0.5
chr20	45750000	50250000	chr20	45750000	50250000	255,255,0	1.3142666320752434	0.03557526222657269	0.044289067455932155	0.6555555555555556	0.6555555555555556
chr20	13750000	17250000	chr20	13750000	17250000	255,255,0	1.2899214123597598	0.028921491583785777	0.04055583039205654	0.625	0.625
chr20	6000000	13250000	chr20	6000000	13250000	255,255,0	1.2774263618077908	0.049921748820204795	0.010034173195540383	0.5866666666666667	0.7466666666666667
chr20	9500000	13000000	chr20	9500000	13000000	255,255,0	1.07487971555401	0.006810885053317924	0.011976768013087913	0.625	0.625
chr21	14500000	17500000	chr21	14500000	17500000	255,255,0	0.714839255305296	0.1668138621887273	0.009642443571874569	0.5	0.5
chr21	14000000	30750000	chr21	14000000	30750000	255,255,0	1.8107636519816632	0.11546945934638608	0.03038698513197817	0.8771626297577855	0.9097222222222222
chr21	32250000	42250000	chr21	32250000	42250000	255,255,0	0.9662075025382009	0.035904766096873195	0.03908114972981546	0.7261904761904762	0.5451388888888888
chr21	25500000	30750000	chr21	25500000	30750000	255,255,0	0.9280546121396445	0.023693762960391874	0.03365269508624573	0.512396694214876	0.7107438016528925
chr22	31750000	36000000	chr22	31750000	36000000	255,255,0	1.4564681196836424	0.04428464570374706	0.05174486748821076	0.691358024691358	0.691358024691358
chr22	37500000	41750000	chr22	37500000	41750000	255,255,0	1.1622886761698275	0.05625874251615991	0.02365553029471179	0.5432098765432098	0.6666666666666666
chrX	96250000	100250000	chrX	96250000	100250000	255,255,0	1.4596733696263353	0.04614273730512468	0.055182158992964	0.7083333333333334	0.7083333333333334
chrX	49500000	53000000	chrX	49500000	53000000	255,255,0	1.2493172327599908	0.052674514782969	0.02623258479773223	0.6820887445887446	0.6139069264069263
chrX	120250000	123750000	chrX	120250000	123750000	255,255,0	1.1021554486210403	0.04467033196705914	0.030061839487413172	0.625	0.5178571428571429
chrX	41250000	46500000	chrX	41250000	46500000	255,255,0	1.3763636992313262	0.031980789891855946	0.033165626940533675	0.8264462809917356	0.6611570247933884
chrX	25250000	30500000	chrX	25250000	30500000	255,255,0	1.478818907595474	0.040006781886964465	0.016359509359192934	0.8099173553719008	0.8099173553719008
chrX	120250000	129250000	chrX	120250000	129250000	255,255,0	1.4161600166843777	0.02917322217367309	0.021728647508617437	0.7456140350877193	0.827485380116959
chrX	20000000	23750000	chrX	20000000	23750000	255,255,0	1.0352316182609558	0.021943307744114925	0.026759889913296617	0.515625	0.671875
chrX	25000000	38250000	chrX	25000000	38250000	255,255,0	1.5515707518319566	0.02811244626857355	0.020275161803929354	0.6310013717421125	0.9711934156378601
chrX	102500000	118750000	chrX	102500000	118750000	255,255,0	1.1341154297195526	0.023578955651237417	0.023749766590916505	0.7144168962350781	0.6262626262626263
chrX	11500000	15500000	chrX	11500000	15500000	255,255,0	1.0251873087652923	0.01975819435988759	0.026180847955216927	0.5246212121212122	0.6483585858585859
chrX	80750000	85000000	chrX	80750000	85000000	255,255,0	1.284543273320677	0.017448184841628862	0.026050895714960963	0.691358024691358	0.7407407407407407
chrX	124250000	129250000	chrX	124250000	129250000	255,255,0	1.4719845035617547	0.011337395075747027	0.026603624142385304	0.7545454545454545	0.8090909090909091
chrX	140500000	145000000	chrX	140500000	145000000	255,255,0	1.172355328347714	0.026897420671539204	0.010160145008835471	0.7	0.6777777777777778
chrX	74500000	85500000	chrX	74500000	85500000	255,255,0	1.4989572612353914	0.015356031353148131	0.020304432431104816	0.7608695652173914	0.9071146245059288
chrX	140250000	147750000	chrX	140250000	147750000	255,255,0	1.0978958583785852	0.016427119311424054	0.018309635232224696	0.7708333333333334	0.5541666666666667
chrX	111000000	119000000	chrX	111000000	119000000	255,255,0	0.9383803595736283	0.011744131572320134	0.022722974140698727	0.5918967587034815	0.6280623360455292
chrX	129750000	135250000	chrX	129750000	135250000	255,255,0	1.3325927109281956	0.016323751904472265	0.01630749763661353	0.8106060606060606	0.6893939393939394
chrX	87500000	94750000	chrX	87500000	94750000	255,255,0	1.3341902833688024	0.010932374983263247	0.021173519814468793	0.72	0.8088888888888889
chrX	74750000	80500000	chrX	74750000	80500000	255,255,0	0.983486563597244	0.018478852205231294	0.009574004570667658	0.6597222222222222	0.5486111111111112
chrX	88000000	91750000	chrX	88000000	91750000	255,255,0	0.9599601404800708	0.011504114297196645	0.013902481333006674	0.640625	0.546875
chrY	12750000	17250000	chrY	12750000	17250000	255,255,0	1.6338784031972557	0.07819150134623559	0.09400804793918532	0.7666666666666667	0.7
chr1	236750000	241500000	chr1	236750000	241500000	255,255,0	1.1578502472829864	0.051817291352057177	0.13183372065543741	0.79	0.71
chr1	12000000	15500000	chr1	12000000	15500000	255,255,0	0.9057780551297007	0.0835027905324783	0.08562242653131981	0.5535714285714286	0.5535714285714286
chr1	46750000	51500000	chr1	46750000	51500000	255,255,0	1.304785846116478	0.08195478903628015	0.08316692512434823	0.77	0.71
chr1	157000000	161000000	chr1	157000000	161000000	255,255,0	0.8993082951457302	0.0970222843603353	0.06581756159508083	0.6041666666666667	0.5069444444444444
chr1	197250000	200250000	chr1	197250000	200250000	255,255,0	0.7718711617069947	0.026165716298112634	0.09724228759112147	0.5	0.5
chr1	201000000	205750000	chr1	201000000	205750000	255,255,0	1.3270007984298173	0.06326521832472648	0.041142703484216836	0.79	0.75
chr1	108750000	121500000	chr1	108750000	121500000	255,255,0	1.8692716775478668	0.02960874281014679	0.0679336003576615	0.8535502958579881	0.9334319526627219
chr1	206750000	222750000	chr1	206750000	222750000	255,255,0	1.054836260550294	0.0363174067646713	0.0462067819149523	0.5823863636363636	0.834280303030303
chr1	28500000	32000000	chr1	28500000	32000000	255,255,0	0.801072738553858	0.043570431560646564	0.038857713459995474	0.5178571428571429	0.5535714285714286
chr1	103750000	108250000	chr1	103750000	108250000	255,255,0	1.196512761978251	0.018710966009125522	0.06257652637212402	0.7222222222222222	0.7666666666666667
chr1	161750000	166250000	chr1	161750000	166250000	255,255,0	0.9495065203620096	0.052687280682507526	0.02834598013508558	0.7444444444444445	0.5222222222222223
chr1	184750000	199750000	chr1	184750000	199750000	255,255,0	1.3471665444739782	0.01798462191384781	0.055159047003102785	0.8376344086021505	0.8956989247311828
chr1	17000000	26250000	chr1	17000000	26250000	255,255,0	0.7330479894856086	0.05211108895204619	0.018746815670677337	0.5068653602817961	0.5572013611025615
chr1	94750000	99750000	chr1	94750000	99750000	255,255,0	1.159553260530053	0.04852453187650889	0.018485419532125062	0.8090909090909091	0.7
chr1	213000000	222750000	chr1	213000000	222750000	255,255,0	1.3054236172421578	0.02470914461146513	0.041065737980826134	0.7525	0.9125
chr1	94500000	108500000	chr1	94500000	108500000	255,255,0	1.094714177591614	0.028417791663189147	0.03516312908078356	0.6120689655172413	0.875615763546798
chr1	54750000	61750000	chr1	54750000	61750000	255,255,0	1.1302871366800171	0.03315730474198271	0.02758886865781908	0.8428571428571429	0.6428571428571429
chr1	71000000	75000000	chr1	71000000	75000000	255,255,0	1.0388648185019456	0.024225568700106684	0.02910309882790755	0.7083333333333334	0.6805555555555556
chr1	65500000	70250000	chr1	65500000	70250000	255,255,0	0.834304870089794	0.026702110171268882	0.025580616692678276	0.65	0.51
chr1	175000000	178750000	chr1	175000000	178750000	255,255,0	0.8864391200789334	0.028040215463554497	0.02105429649797161	0.546875	0.671875
chr1	206750000	212000000	chr1	206750000	212000000	255,255,0	1.192600699505865	0.03059608574296771	0.017688461312894588	0.8099173553719008	0.7603305785123967
chr1	193000000	196750000	chr1	193000000	196750000	255,255,0	0.966928741204568	0.014952721945130108	0.03329782689536104	0.671875	0.640625
chr1	100500000	108500000	chr1	100500000	108500000	255,255,0	1.2351501972059438	0.010774021864133216	0.03456957438671429	0.7095588235294118	0.9080882352941176
chr1	78750000	84750000	chr1	78750000	84750000	255,255,0	1.2482096395572133	0.02780002963514832	0.017283508411866523	0.8269230769230769	0.8397435897435898
chr1	65250000	75750000	chr1	65250000	75750000	255,255,0	0.9020138467749943	0.020691268905928	0.020398214804543402	0.6904761904761905	0.6082251082251082
chr1	185250000	190250000	chr1	185250000	190250000	255,255,0	1.054673208614551	0.02753342124493849	0.012716146031816006	0.7545454545454545	0.7
chr1	230750000	236000000	chr1	230750000	236000000	255,255,0	0.873602501104445	0.011422347395451105	0.024824140331424903	0.512396694214876	0.7272727272727273
chr1	86000000	89500000	chr1	86000000	89500000	255,255,0	0.7065389312946392	0.010334269781480186	0.019169565659326558	0.5178571428571429	0.5178571428571429
chr1	168250000	171250000	chr1	168250000	171250000	255,255,0	0.6565802973160586	0.00925593782958278	0.007707650238405062	0.5	0.5
chr2	212500000	215750000	chr2	212500000	215750000	255,255,0	1.0368147283372648	0.04974306462767263	0.11615402492614899	0.5306122448979592	0.5714285714285714
chr2	219250000	223000000	chr2	219250000	223000000	255,255,0	1.088194295241601	0.07273555995299091	0.057513025596962274	0.671875	0.546875
chr2	127500000	130750000	chr2	127500000	130750000	255,255,0	0.9495985462429691	0.08497133224996531	0.04457872154756199	0.5714285714285714	0.5306122448979592
chr2	75250000	84750000	chr2	75250000	84750000	255,255,0	1.78952061266085	0.039084393449465016	0.0851235995793082	0.8868421052631579	0.9078947368421053
chr2	75500000	79750000	chr2	75500000	79750000	255,255,0	1.4201826228357295	0.08692588567774748	0.03045818836982074	0.7407407407407407	0.7407407407407407
chr2	70250000	74250000	chr2	70250000	74250000	255,255,0	1.258703811391859	0.05294719057168548	0.06186723800355859	0.7083333333333334	0.6805555555555556
chr2	113500000	117750000	chr2	113500000	117750000	255,255,0	1.394180185004601	0.06943932134052949	0.04469562865615728	0.691358024691358	0.7407407407407407
chr2	80000000	84750000	chr2	80000000	84750000	255,255,0	1.5440691194774665	0.02984121555691839	0.08413796434324311	0.79	0.78
chr2	32500000	36750000	chr2	32500000	36750000	255,255,0	1.2826412810795804	0.044527024433113016	0.06162968169901545	0.7160493827160493	0.6666666666666666
chr2	121750000	126750000	chr2	121750000	126750000	255,255,0	1.5671072398506483	0.050202648729764376	0.04989235940412515	0.8090909090909091	0.8090909090909091
chr2	65000000	69000000	chr2	65000000	69000000	255,255,0	1.2730283153769435	0.043776367407354036	0.05523598561362099	0.7083333333333334	0.7083333333333334
chr2	143000000	147750000	chr2	143000000	147750000	255,255,0	1.417737130809803	0.05683691425660778	0.03889374515494323	0.77	0.77
chr2	48500000	60500000	chr2	48500000	60500000	255,255,0	1.2356433900846773	0.059336443949550136	0.03624879940702924	0.6283333333333333	0.8083333333333333
chr2	61500000	73750000	chr2	61500000	73750000	255,255,0	0.8768827276442995	0.036762374792274836	0.0530796739149796	0.5152	0.6272
chr2	196750000	200500000	chr2	196750000	200500000	255,255,0	1.0275296525196025	0.03633689558210721	0.052287556150683256	0.546875	0.671875
chr2	43000000	47500000	chr2	43000000	47500000	255,255,0	1.3670199868921782	0.04548942579705058	0.040555210605328934	0.7222222222222222	0.7666666666666667
chr2	101750000	108750000	chr2	101750000	108750000	255,255,0	0.9047299877781239	0.02850959870892478	0.0554698986801996	0.6238095238095238	0.5047619047619047
chr2	181750000	196500000	chr2	181750000	196500000	255,255,0	0.9657666865947248	0.042361340599221184	0.03782027300389059	0.5877777777777777	0.6077777777777778
chr2	11750000	16500000	chr2	11750000	16500000	255,255,0	1.331388577510149	0.057207638245845016	0.02264536302346002	0.79	0.69
chr2	131250000	134750000	chr2	131250000	134750000	255,255,0	1.0708638333957419	0.039973695611945685	0.03823579273772205	0.625	0.625
chr2	161500000	167000000	chr2	161500000	167000000	255,255,0	0.9838707445061178	0.024309989103643036	0.051932067197286935	0.6439393939393939	0.5833333333333334
chr2	224000000	230500000	chr2	224000000	230500000	255,255,0	1.5846789391916243	0.030143683679405925	0.04287118773969459	0.7857142857142857	0.8846153846153846
chr2	62000000	69750000	chr2	62000000	69750000	255,255,0	0.9281287764965589	0.03606343702250597	0.03611210477316622	0.50390625	0.67578125
chr2	201250000	207250000	chr2	201250000	207250000	255,255,0	1.2695469323765318	0.039428661159496683	0.03016374321208743	0.7115384615384616	0.8141025641025641
chr2	178250000	196500000	chr2	178250000	196500000	255,255,0	1.0351260595662737	0.03250148747437557	0.03702294098066786	0.7465303140978816	0.5098612125639153
chr2	208250000	215750000	chr2	208250000	215750000	255,255,0	1.5094603174359067	0.02127090692854708	0.04680312188401224	0.8541666666666666	0.8458333333333333
chr2	138750000	142750000	chr2	138750000	142750000	255,255,0	1.1767875240433958	0.01980343012219709	0.04611571700205963	0.7083333333333334	0.7083333333333334
chr2	55500000	60500000	chr2	55500000	60500000	255,255,0	1.2209585709137871	0.01686350519480262	0.046988697410440775	0.7	0.7363636363636363
chr2	219500000	230500000	chr2	219500000	230500000	255,255,0	1.4293892986680559	0.035372431644214344	0.027413120157666504	0.7015810276679841	0.9387351778656127
chr2	152750000	157500000	chr2	152750000	157500000	255,255,0	1.2895562904816786	0.03239829437572769	0.030284216199252093	0.79	0.75
chr2	152750000	166750000	chr2	152750000	166750000	255,255,0	1.093866649236996	0.027203957253296822	0.03515898384608686	0.6022167487684729	0.7943349753694581
chr2	48000000	54250000	chr2	48000000	54250000	255,255,0	1.4582828299464765	0.04223447006590722	0.018701095249478224	0.8757396449704142	0.7692307692307693
chr2	231500000	237500000	chr2	231500000	237500000	255,255,0	1.2599591847555918	0.03826402641793464	0.014751643629239187	0.8653846153846154	0.5374149659863946
chr2	50500000	53500000	chr2	50500000	53500000	255,255,0	0.7823093396269676	0.013167513996912135	0.03982825641449686	0.5	0.5
chr2	178500000	182000000	chr2	178500000	182000000	255,255,0	0.9435933570031076	0.02704881750701109	0.015889413633691347	0.625	0.5535714285714286
chr2	189750000	196500000	chr2	189750000	196500000	255,255,0	1.380417454096849	0.016047289199747003	0.024398620377789622	0.8724489795918368	0.8316326530612245
chr2	27750000	32000000	chr2	27750000	32000000	255,255,0	0.9883594969402211	0.021576054143910586	0.015390255921660835	0.7160493827160493	0.5925925925925926
chr2	169250000	177500000	chr2	169250000	177500000	255,255,0	1.2820338843100652	0.018515019937504942	0.01751715342018533	0.8373702422145328	0.7820069204152249
chr3	93750000	100000000	chr3	93750000	100000000	255,255,0	0.9171620805380535	0.1637312340830515	0.026611095380256945	0.6390532544378699	0.5562130177514792
chr3	64500000	90500000	chr3	64500000	90500000	255,255,0	0.7396240722558582	0.05486930586046991	0.1042788961480276	0.5170537010159652	0.5645863570391872
chr3	17500000	37000000	chr3	17500000	37000000	255,255,0	0.9507295484853195	0.06005136027776465	0.09492193247066172	0.5044871794871795	0.6173076923076923
chr3	33250000	37000000	chr3	33250000	37000000	255,255,0	1.1617466786347865	0.08175261007544	0.06736423261143117	0.640625	0.609375
chr3	93750000	112750000	chr3	93750000	112750000	255,255,0	0.6804287073481587	0.11969366163122609	0.02846118641502865	0.5088784714823495	0.5270882164926486
chr3	93750000	119250000	chr3	93750000	119250000	255,255,0	0.9607721037373866	0.09965982519242281	0.04317148554413984	0.6553544494720965	0.6368778280542986
chr3	4500000	8500000	chr3	4500000	8500000	255,255,0	1.2649779697062131	0.03359843553216539	0.10044288283618216	0.5833333333333334	0.7083333333333334
chr3	108500000	112250000	chr3	108500000	112250000	255,255,0	1.1355485969992176	0.06181217057165968	0.0682280057026499	0.671875	0.640625
chr3	9500000	15250000	chr3	9500000	15250000	255,255,0	1.7246198366438208	0.07029494324192481	0.05582276429727959	0.8263888888888888	0.8402777777777778
chr3	48500000	53000000	chr3	48500000	53000000	255,255,0	0.8352305993388274	0.04334021738590317	0.06191488154401163	0.5164835164835164	0.510989010989011
chr3	173250000	176250000	chr3	173250000	176250000	255,255,0	0.8445389678226929	0.07958309159947659	0.02439781190348901	0.5	0.5
chr3	58250000	62500000	chr3	58250000	62500000	255,255,0	1.4476917280771506	0.05977926301896605	0.04245431798246649	0.7160493827160493	0.7160493827160493
chr3	160750000	165000000	chr3	160750000	165000000	255,255,0	1.2342494834605175	0.05259114515745712	0.029262055436891518	0.7407407407407407	0.691358024691358
chr3	187250000	193500000	chr3	187250000	193500000	255,255,0	1.5047898277908414	0.031315221078432404	0.0486752741108203	0.8402366863905325	0.7
chr3	28250000	31250000	chr3	28250000	31250000	255,255,0	0.8455032697126115	0.019935186405117326	0.05960570919357982	0.5	0.5
chr3	18250000	31250000	chr3	18250000	31250000	255,255,0	1.1587058327834847	0.05090479570195497	0.02744101627734014	0.6965811965811965	0.6225071225071225
chr3	143000000	147000000	chr3	143000000	147000000	255,255,0	1.0802735952597582	0.05094883765691607	0.02390603656731981	0.7152777777777778	0.5347222222222222
chr3	53250000	57250000	chr3	53250000	57250000	255,255,0	1.3112955109058126	0.041928914525855066	0.03235197681195414	0.7083333333333334	0.7083333333333334
chr3	172750000	179250000	chr3	172750000	179250000	255,255,0	1.4760608286260566	0.03989497681986193	0.031020817042439267	0.8626373626373627	0.7967032967032966
chr3	122750000	141750000	chr3	122750000	141750000	255,255,0	1.059977526172068	0.033515763326832364	0.030886666604001505	0.7388663967611336	0.5310391363022942
chr3	183000000	186500000	chr3	183000000	186500000	255,255,0	0.9692197497788453	0.03541529552354274	0.02714487398272078	0.5178571428571429	0.625
chr3	122750000	129250000	chr3	122750000	129250000	255,255,0	1.2300724209594847	0.029719384000218882	0.03273198588226405	0.6978021978021978	0.7087912087912088
chr3	143500000	149500000	chr3	143500000	149500000	255,255,0	0.9638933435593866	0.04460444155441215	0.01703597710931553	0.6474358974358975	0.5064102564102564
chr3	115750000	119250000	chr3	115750000	119250000	255,255,0	1.18926950606018	0.02032148807217826	0.035475389063415935	0.6566558441558441	0.7102272727272727
chr3	130000000	133500000	chr3	130000000	133500000	255,255,0	1.043201723145559	0.041484010153790093	0.013541830779505366	0.625	0.5892857142857143
chr3	39250000	42500000	chr3	39250000	42500000	255,255,0	0.8471828881654417	0.024707184230099148	0.024332838897508872	0.5333333333333333	0.5
chr3	130000000	141750000	chr3	130000000	141750000	255,255,0	1.0763024596176614	0.01932787890986823	0.028128676954427608	0.6649305555555556	0.6649305555555556
chr3	160500000	168750000	chr3	160500000	168750000	255,255,0	1.2766899392211544	0.026365898124124605	0.01923745606964277	0.7889273356401384	0.8096885813148789
chr3	101750000	107750000	chr3	101750000	107750000	255,255,0	1.479615355196734	0.012780134871191645	0.03147795261332517	0.8653846153846154	0.8012820512820513
chr3	17250000	25250000	chr3	17250000	25250000	255,255,0	1.1820140592899313	0.03557028171798046	0.008264574833467268	0.8566176470588235	0.5110294117647058
chr3	151000000	154000000	chr3	151000000	154000000	255,255,0	0.7917261082390679	0.021191937601022587	0.017226895313394074	0.5	0.5
chr3	134000000	141750000	chr3	134000000	141750000	255,255,0	1.0707071479042352	0.01228882903923712	0.025608241826265116	0.55078125	0.75390625
chr3	80750000	85750000	chr3	80750000	85750000	255,255,0	1.320149816918525	0.01360649376773563	0.01995204088447035	0.7909090909090909	0.8090909090909091
chr3	76500000	80250000	chr3	76500000	80250000	255,255,0	0.883320613731518	0.011988947185105651	0.007223450889815898	0.640625	0.515625
chr4	57000000	75250000	chr4	57000000	75250000	255,255,0	1.0476277078854819	0.11676813883860607	0.017762770566328644	0.7808619430241052	0.6099342585829073
chr4	4250000	8750000	chr4	4250000	8750000	255,255,0	1.1306372992747484	0.03892266684096431	0.08167940088731593	0.5	0.7
chr4	89000000	94000000	chr4	89000000	94000000	255,255,0	1.735565380617404	0.06478210423447664	0.04762975001359024	0.8090909090909091	0.8090909090909091
chr4	129000000	132750000	chr4	129000000	132750000	255,255,0	1.220084307257323	0.06068564039248657	0.039162015122715436	0.671875	0.578125
chr4	57000000	62500000	chr4	57000000	62500000	255,255,0	1.2481123647788768	0.072666270322518	0.02696198446807337	0.7391414141414141	0.5476551226551226
chr4	94500000	99000000	chr4	94500000	99000000	255,255,0	1.4472202976854853	0.0519110464700521	0.0430636837844149	0.7666666666666667	0.7666666666666667
chr4	63750000	67500000	chr4	63750000	67500000	255,255,0	1.0576230070001884	0.02789881284408687	0.055722369350744747	0.640625	0.609375
chr4	32250000	37250000	chr4	32250000	37250000	255,255,0	1.2810945428692309	0.025810178063055196	0.05676903549918852	0.6090909090909091	0.7545454545454545
chr4	27000000	31500000	chr4	27000000	31500000	255,255,0	1.168626781268539	0.057413436153096215	0.02267114083616012	0.7444444444444445	0.5444444444444444
chr4	26750000	37250000	chr4	26750000	37250000	255,255,0	1.2576050791636668	0.03283977417765517	0.04364213279115083	0.6818181818181818	0.816017316017316
chr4	10500000	24250000	chr4	10500000	24250000	255,255,0	0.9321519727947011	0.057570089281846246	0.014029549390646828	0.6033163265306123	0.5012755102040817
chr4	17500000	21250000	chr4	17500000	21250000	255,255,0	0.9470232198991826	0.03803550724903259	0.03277044647178299	0.5696875	0.5440625
chr4	140000000	143750000	chr4	140000000	143750000	255,255,0	1.0311122214227681	0.04470015938709722	0.02422962333663748	0.671875	0.515625
chr4	77500000	82250000	chr4	77500000	82250000	255,255,0	1.2940849586884537	0.039107806437596676	0.028370243922824855	0.67	0.77
chr4	169500000	173000000	chr4	169500000	173000000	255,255,0	1.0680174135561222	0.03753789676498124	0.02922433103689688	0.5892857142857143	0.625
chr4	10250000	15750000	chr4	10250000	15750000	255,255,0	1.438874411577374	0.050775022051554486	0.013919938471109845	0.7954545454545454	0.8106060606060606
chr4	145250000	150500000	chr4	145250000	150500000	255,255,0	1.108799885860417	0.012066127359037294	0.050565251979941994	0.5259324009324009	0.7716942148760331
chr4	140250000	150750000	chr4	140250000	150750000	255,255,0	0.847915714303924	0.021880642153499073	0.040286273787451504	0.5476190476190477	0.512987012987013
chr4	154250000	158000000	chr4	154250000	158000000	255,255,0	1.138273815351144	0.04369883333045829	0.016330710309156095	0.671875	0.609375
chr4	133250000	137250000	chr4	133250000	137250000	255,255,0	0.960334901898389	0.014426273799860174	0.042312397461625906	0.5416666666666666	0.6527777777777778
chr4	113500000	118250000	chr4	113500000	118250000	255,255,0	1.3415677521519902	0.03054841111045544	0.026034009258585233	0.75	0.79
chr4	176500000	181250000	chr4	176500000	181250000	255,255,0	1.2644367278239244	0.014405834344592642	0.0417262118179178	0.71	0.71
chr4	128750000	137750000	chr4	128750000	137750000	255,255,0	1.0973183307195513	0.027551450943857154	0.024143498067222362	0.7280701754385965	0.6403508771929824
chr4	108750000	113000000	chr4	108750000	113000000	255,255,0	1.0355300378554944	0.01942076673693075	0.027733865693391948	0.6419753086419753	0.6172839506172839
chr4	17500000	24000000	chr4	17500000	24000000	255,255,0	0.9236795809506787	0.027217802920553202	0.01573428043119879	0.521978021978022	0.6758241758241759
chr4	122000000	127750000	chr4	122000000	127750000	255,255,0	1.3832480976185202	0.021908422758494847	0.019268051578064417	0.7708333333333334	0.8402777777777778
chr4	158250000	162250000	chr4	158250000	162250000	255,255,0	0.8563602764795413	0.02113106298315216	0.014213664175725149	0.5138888888888888	0.5694444444444444
chr4	83250000	87750000	chr4	83250000	87750000	255,255,0	1.1741289686566536	0.00894333368435558	0.024691135232900993	0.7	0.7
chr4	99250000	107750000	chr4	99250000	107750000	255,255,0	0.9392674034760451	0.019092249860246723	0.01142862185403773	0.7091503267973857	0.5065359477124183
chr4	165250000	168750000	chr4	165250000	168750000	255,255,0	1.0175992380884045	0.012008653680936888	0.015325752729275423	0.625	0.625
chr5	56250000	65000000	chr5	56250000	65000000	255,255,0	0.9442407647038205	0.0755096700317168	0.1235089418912062	0.5092592592592593	0.5925925925925926
chr5	123000000	126500000	chr5	123000000	126500000	255,255,0	1.4433469774236258	0.0961312897031613	0.09599690434983095	0.625	0.625
chr5	71500000	81000000	chr5	71500000	81000000	255,255,0	1.5412963229491274	0.12123133366979232	0.023783961663918288	0.65	0.9236842105263158
chr5	132500000	140500000	chr5	132500000	140500000	255,255,0	1.5657523256689747	0.0729453256355699	0.0666156010346318	0.7095588235294118	0.7095588235294118
chr5	115750000	119250000	chr5	115750000	119250000	255,255,0	1.1068406049211592	0.08150510772005808	0.03980051880977062	0.5625	0.5089285714285714
chr5	142750000	146250000	chr5	142750000	146250000	255,255,0	1.3260474238336164	0.07662743693365068	0.03665104539903053	0.625	0.5892857142857143
chr5	151750000	169750000	chr5	151750000	169750000	255,255,0	1.2824353404358628	0.04931427097312781	0.05650040683298292	0.5022522522522522	0.7270408163265306
chr5	82250000	87250000	chr5	82250000	87250000	255,255,0	1.5787031928953108	0.060383490534619805	0.043965479675043335	0.7545454545454545	0.7
chr5	87500000	90500000	chr5	87500000	90500000	255,255,0	1.0652541135263824	0.042454769906751545	0.05281967840791549	0.5	0.5
chr5	127250000	131750000	chr5	127250000	131750000	255,255,0	1.5905230100502235	0.03322242772708029	0.05090070108777908	0.7	0.7666666666666667
chr5	163500000	168000000	chr5	163500000	168000000	255,255,0	1.7268213743567362	0.02866328305133173	0.054077233614821946	0.7666666666666667	0.7666666666666667
chr5	91000000	95250000	chr5	91000000	95250000	255,255,0	1.5009950720982954	0.030584901025139652	0.04192745560851585	0.7407407407407407	0.7407407407407407
chr5	172250000	176250000	chr5	172250000	176250000	255,255,0	1.3335326565292738	0.022906553209727717	0.04064928445775467	0.7083333333333334	0.6527777777777778
chr5	10750000	14500000	chr5	10750000	14500000	255,255,0	1.1207825947889398	0.023695386432217126	0.03936970891099906	0.640625	0.546875
chr5	103250000	108000000	chr5	103250000	108000000	255,255,0	1.6725441817530675	0.032645058354153114	0.026917278633150743	0.79	0.77
chr5	6750000	10250000	chr5	6750000	10250000	255,255,0	1.0047961733220068	0.02495538409799122	0.02958026912456248	0.5535714285714286	0.5178571428571429
chr5	111500000	115250000	chr5	111500000	115250000	255,255,0	1.0641790198075314	0.01719051583886915	0.03388260580135553	0.640625	0.515625
chr5	99000000	102500000	chr5	99000000	102500000	255,255,0	1.0058931215285725	0.02184395713441605	0.02513105534358312	0.5302579365079365	0.6145833333333333
chr5	62250000	65250000	chr5	62250000	65250000	255,255,0	0.9032994517831198	0.010564022129646744	0.031141870381222476	0.5	0.5
chr5	17750000	23500000	chr5	17750000	23500000	255,255,0	1.460128108572283	0.022487173412731827	0.011728468563928247	0.7986111111111112	0.7847222222222222
chr5	24250000	31000000	chr5	24250000	31000000	255,255,0	1.4745147054899044	0.008482937293822221	0.01949416578625613	0.7704081632653061	0.8520408163265306
chr6	53000000	57000000	chr6	53000000	57000000	255,255,0	0.8584134390081904	0.025577505747017212	0.16754722802083089	0.6527777777777778	0.5138888888888888
chr6	37000000	44000000	chr6	37000000	44000000	255,255,0	1.1116260428876135	0.13582766988331524	0.04750704160949114	0.5380952380952381	0.8333333333333334
chr6	60000000	63500000	chr6	60000000	63500000	255,255,0	0.8357143210903171	0.14223401170995015	0.04050585334164821	0.5535714285714286	0.5892857142857143
chr6	18250000	25000000	chr6	18250000	25000000	255,255,0	1.5176419109811832	0.06176897380953804	0.1129539905860577	0.7295918367346939	0.8418367346938775
chr6	116000000	130500000	chr6	116000000	130500000	255,255,0	0.5000192389259868	0.1280671514428912	0.027033241666203134	0.5482758620689655	0.5574712643678161
chr6	161250000	165750000	chr6	161250000	165750000	255,255,0	1.451748781349345	0.05923409812894728	0.08908268394024751	0.7666666666666667	0.7222222222222222
chr6	60250000	70250000	chr6	60250000	70250000	255,255,0	0.897302763994302	0.12413518618391532	0.012303581570246283	0.6428571428571429	0.6976190476190476
chr6	116000000	127500000	chr6	116000000	127500000	255,255,0	0.8404592440687181	0.02758143892405463	0.08923119588502153	0.6865942028985508	0.5380434782608695
chr6	138750000	142500000	chr6	138750000	142500000	255,255,0	1.1405193226558454	0.055295948542644954	0.05325628966211836	0.671875	0.671875
chr6	99750000	104750000	chr6	99750000	104750000	255,255,0	1.5188106015362928	0.04025891933954136	0.057521007775630906	0.8090909090909091	0.8090909090909091
chr6	46250000	50500000	chr6	46250000	50500000	255,255,0	0.8008270673198548	0.06707835265611753	0.024945209249198203	0.5185185185185185	0.5185185185185185
chr6	63750000	70000000	chr6	63750000	70000000	255,255,0	1.1359071994660186	0.08120064106698253	0.01022134813603122	0.7218934911242604	0.8165680473372781
chr6	96500000	99500000	chr6	96500000	99500000	255,255,0	0.7626345375567061	0.030918235943769513	0.05992919908173252	0.5	0.5
chr6	112000000	116500000	chr6	112000000	116500000	255,255,0	1.2436167654242456	0.052970722515106775	0.029651215365686608	0.7444444444444445	0.7
chr6	151500000	156500000	chr6	151500000	156500000	255,255,0	0.7801589864598015	0.030462003361619118	0.051058204696654286	0.5545454545454546	0.5181818181818182
chr6	106000000	111000000	chr6	106000000	111000000	255,255,0	0.9848425425642995	0.0359481920685706	0.02294718093516953	0.5545454545454546	0.6818181818181818
chr6	132250000	136750000	chr6	132250000	136750000	255,255,0	0.9926254008848384	0.04306135226254167	0.014978973938660059	0.6222222222222222	0.6777777777777778
chr6	90000000	96250000	chr6	90000000	96250000	255,255,0	1.178538518131343	0.031378473470190946	0.010584191901772236	0.8520710059171598	0.6035502958579881
chr6	75750000	79500000	chr6	75750000	79500000	255,255,0	0.9439656332147937	0.018367800320795186	0.02097876931975548	0.609375	0.609375
chr6	118750000	122500000	chr6	118750000	122500000	255,255,0	0.8639154970126882	0.016697090881102786	0.01729489692689342	0.578125	0.578125
chr7	65000000	72750000	chr7	65000000	72750000	255,255,0	1.7787220319649588	0.13562905528382013	0.05196111899003872	0.8125	0.85546875
chr7	67500000	70500000	chr7	67500000	70500000	255,255,0	0.9747740230465057	0.10190010323513711	0.0702441379602737	0.5	0.5
chr7	73000000	76250000	chr7	73000000	76250000	255,255,0	1.1163674380602644	0.06915224321866696	0.10095496760104052	0.5714285714285714	0.5714285714285714
chr7	48000000	55500000	chr7	48000000	55500000	255,255,0	1.5544651501387121	0.029526499601909485	0.13109682119487293	0.6875	0.8541666666666666
chr7	51000000	55250000	chr7	51000000	55250000	255,255,0	1.3428562268181927	0.02852629632108201	0.11549775539255439	0.5925925925925926	0.7283950617283951
chr7	7750000	11500000	chr7	7750000	11500000	255,255,0	1.233086380113246	0.10164533043064372	0.03710676566368787	0.671875	0.546875
chr7	123500000	127250000	chr7	123500000	127250000	255,255,0	1.3424742866345456	0.025354799654137415	0.1016421332587295	0.671875	0.671875
chr7	143750000	148500000	chr7	143750000	148500000	255,255,0	1.4190096978534605	0.06437998663801041	0.06094389131495609	0.62	0.79
chr7	131500000	134750000	chr7	131500000	134750000	255,255,0	1.0462556752320569	0.05572298419787326	0.06495972739617249	0.5714285714285714	0.5306122448979592
chr7	108000000	127250000	chr7	108000000	127250000	255,255,0	1.3359153643389012	0.05772423886424656	0.05558826710753141	0.7928994082840237	0.6679815910585142
chr7	7750000	20500000	chr7	7750000	20500000	255,255,0	1.5361646609171173	0.08463863240981755	0.023095122245904737	0.628698224852071	0.9393491124260355
chr7	135000000	138500000	chr7	135000000	138500000	255,255,0	1.0666398263246868	0.04415166292960861	0.04934744336988065	0.5535714285714286	0.625
chr7	77750000	98000000	chr7	77750000	98000000	255,255,0	1.7840642176807227	0.04306932255743812	0.047406049819273384	0.9619274241522903	0.793575252825699
chr7	11500000	20500000	chr7	11500000	20500000	255,255,0	1.0554070819801626	0.052807616663381345	0.028986227427291338	0.5186752305865879	0.7188999827503983
chr7	92500000	98000000	chr7	92500000	98000000	255,255,0	1.2547564840348893	0.012899066591268426	0.05846022637442516	0.5227272727272727	0.8409090909090909
chr7	108000000	112750000	chr7	108000000	112750000	255,255,0	1.3816204322065733	0.04760635950865354	0.022674945700178396	0.79	0.77
chr7	77750000	87000000	chr7	77750000	87000000	255,255,0	1.562490172318582	0.05086057823328888	0.014903311315626331	0.9307479224376731	0.6481994459833795
chr7	113750000	117000000	chr7	113750000	117000000	255,255,0	0.8872052948250214	0.03394093109559504	0.028095710336938227	0.5306122448979592	0.5306122448979592
chr7	87250000	91750000	chr7	87250000	91750000	255,255,0	1.3488250028059385	0.03248598261991926	0.025370925874067703	0.7666666666666667	0.7666666666666667
chr7	117500000	121750000	chr7	117500000	121750000	255,255,0	1.025075163096802	0.023939093994788788	0.02705519066997155	0.5925925925925926	0.6419753086419753
chr7	83000000	87000000	chr7	83000000	87000000	255,255,0	1.0692348941532714	0.02139766524184756	0.025612795005283052	0.625	0.7083333333333334
chr7	23250000	29750000	chr7	23250000	29750000	255,255,0	1.2110966592612826	0.023340497607076564	0.0125549300228091	0.8186813186813187	0.6648351648351648
chr7	31750000	43500000	chr7	31750000	43500000	255,255,0	0.859044126922497	0.011302104478825903	0.022777802036358756	0.5364583333333334	0.6267361111111112
chr7	12000000	16500000	chr7	12000000	16500000	255,255,0	1.0416439790022451	0.021550847889666297	0.010606717818296167	0.6333333333333333	0.7222222222222222
chr8	48000000	53750000	chr8	48000000	53750000	255,255,0	1.0898202263438042	0.14684412813146372	0.033504656399651125	0.5877712031558185	0.6248082401928556
chr8	91000000	94250000	chr8	91000000	94250000	255,255,0	1.1240356438979011	0.06284956937877467	0.08695437235820704	0.5714285714285714	0.5714285714285714
chr8	8000000	12250000	chr8	8000000	12250000	255,255,0	1.511384730857055	0.07422777961299107	0.07423562133418471	0.6666666666666666	0.7407407407407407
chr8	49250000	65750000	chr8	49250000	65750000	255,255,0	0.8051258423356473	0.12190670671768676	0.017994537198971178	0.5614973262032086	0.5017825311942959
chr8	12750000	17500000	chr8	12750000	17500000	255,255,0	1.673440650154523	0.07738502129214533	0.035405496618273385	0.79	0.77
chr8	74500000	78500000	chr8	74500000	78500000	255,255,0	1.4396098503251702	0.06529289251333498	0.044342774690041276	0.7083333333333334	0.7083333333333334
chr8	134000000	139250000	chr8	134000000	139250000	255,255,0	1.7428938303177086	0.0324785003120692	0.07393104500429881	0.7768595041322314	0.7933884297520661
chr8	125750000	129750000	chr8	125750000	129750000	255,255,0	1.3699017846966892	0.046612966973058736	0.053773705576766195	0.6805555555555556	0.7083333333333334
chr8	123500000	140250000	chr8	123500000	140250000	255,255,0	1.1735633760661441	0.02219294918103884	0.07485692678604389	0.6911764705882353	0.6172413793103448
chr8	86500000	90250000	chr8	86500000	90250000	255,255,0	1.220289250556767	0.03734301844878549	0.038466786873779434	0.640625	0.671875
chr8	119500000	123000000	chr8	119500000	123000000	255,255,0	1.0387804609322302	0.03407698186962474	0.04035620081486657	0.5178571428571429	0.5892857142857143
chr8	30750000	37500000	chr8	30750000	37500000	255,255,0	1.5031920686152325	0.02167121348373021	0.04982598177180875	0.8010204081632653	0.8010204081632653
chr8	23000000	27000000	chr8	23000000	27000000	255,255,0	1.332424021030258	0.035801703576588975	0.027147214264425006	0.7083333333333334	0.7083333333333334
chr8	81750000	86250000	chr8	81750000	86250000	255,255,0	1.0478623921072179	0.03766368617341455	0.02255455529659819	0.5417857142857143	0.6174999999999999
chr8	19250000	28000000	chr8	19250000	28000000	255,255,0	0.9659084051523532	0.03034260733159256	0.024308435734801282	0.5462962962962963	0.558641975308642
chr8	103500000	108500000	chr8	103500000	108500000	255,255,0	1.3434643401876178	0.046500007292940834	0.008074141944560966	0.7909090909090909	0.6818181818181818
chr8	94750000	100500000	chr8	94750000	100500000	255,255,0	1.3702773465970202	0.023464515597648263	0.022306824726482335	0.7291666666666666	0.7847222222222222
chr8	74250000	91000000	chr8	74250000	91000000	255,255,0	1.0969606793004927	0.02457070008590206	0.020185703583560387	0.6738754325259516	0.6652249134948097
chr8	103750000	119250000	chr8	103750000	119250000	255,255,0	1.178857632360329	0.02747138919118523	0.017152617762154546	0.7823094963791968	0.595323815009875
chr8	67250000	72750000	chr8	67250000	72750000	255,255,0	0.901222602439585	0.017553307196198183	0.010859954990445134	0.5075757575757576	0.6439393939393939
chr8	56250000	65500000	chr8	56250000	65500000	255,255,0	1.1422759664765474	0.010876391056110712	0.015086971471903923	0.5484764542936288	0.814404432132964
