chr1	x1	x2	chr2	y1	y2	color	score	uVarScore	lVarScore	upSign	loSign
chr9	69000000	85500000	chr9	69000000	85500000	255,255,0	1.4655468666650167	0.1792461266010953	0.015330088456854185	0.6678200692041523	0.8512110726643599
chr9	99000000	122500000	chr9	99000000	122500000	255,255,0	1.439994674179059	0.04473861119587649	0.11068914918074169	0.7934027777777778	0.65625
chr9	114500000	121000000	chr9	114500000	121000000	255,255,0	1.0161685523282924	0.03017888867221227	0.058815604819964326	0.5714285714285714	0.5306122448979592
chr9	99500000	106500000	chr9	99500000	106500000	255,255,0	1.0464499638411786	0.060109286970061016	0.011196440615267984	0.625	0.5178571428571429
chr9	22000000	32500000	chr9	22000000	32500000	255,255,0	1.0181731927649178	0.01065152768633688	0.05796166363762656	0.5144628099173554	0.6439853076216713
chr9	86000000	98500000	chr9	86000000	98500000	255,255,0	1.1710583636059813	0.020371894288056736	0.03739751632165221	0.5680473372781065	0.7455621301775148
chr10	43000000	50000000	chr10	43000000	50000000	255,255,0	0.8705498286414945	0.1387366049752327	0.03645910571928984	0.5178571428571429	0.625
chr10	50500000	67500000	chr10	50500000	67500000	255,255,0	1.685067357307975	0.05922131118022447	0.05416241712614284	0.9052287581699346	0.8333333333333334
chr10	104000000	116500000	chr10	104000000	116500000	255,255,0	1.398582286390491	0.04988815087621443	0.041824940704796074	0.863905325443787	0.5798816568047337
chr10	51500000	62000000	chr10	51500000	62000000	255,255,0	1.0850614610261835	0.05384162022939166	0.02814998410616724	0.7125289351851851	0.5117410078347578
chr10	79500000	91500000	chr10	79500000	91500000	255,255,0	1.1310310657131084	0.03925547830643083	0.024014361337437066	0.75	0.5961538461538461
chr10	16000000	26500000	chr10	16000000	26500000	255,255,0	0.8554806383601584	0.015791152089525688	0.00847566321993766	0.6115702479338843	0.5454545454545454
chr11	63500000	76500000	chr11	63500000	76500000	255,255,0	1.1823824798252267	0.09837122267228104	0.04037431257873106	0.5582417582417583	0.6446886446886446
chr11	78500000	111000000	chr11	78500000	111000000	255,255,0	1.6698628339626091	0.060023060082072935	0.05316090076432819	0.9151361485032885	0.5046586497385976
chr11	34500000	43500000	chr11	34500000	43500000	255,255,0	1.5874715099407941	0.027402724377833525	0.07610148429912642	0.7444444444444445	0.7666666666666667
chr11	78500000	93500000	chr11	78500000	93500000	255,255,0	1.484919550862508	0.04867306077951877	0.017970150570288588	0.8625	0.5125
chr11	20500000	31500000	chr11	20500000	31500000	255,255,0	1.1022070473647572	0.026787340879331854	0.017956212654666175	0.6287878787878788	0.5681818181818182
chr12	58000000	103500000	chr12	58000000	103500000	255,255,0	1.3534113065143925	0.06997999713643592	0.07043250762496572	0.7325141776937618	0.5763440860215053
chr12	65000000	103500000	chr12	65000000	103500000	255,255,0	1.0734296965663115	0.06991313384700142	0.06437921560897161	0.5121630506245891	0.5680555555555555
chr12	47500000	57000000	chr12	47500000	57000000	255,255,0	1.6009607773812322	0.05234089510447851	0.07134780480121848	0.79	0.61
chr12	70000000	103500000	chr12	70000000	103500000	255,255,0	1.140081332388852	0.04899857135844653	0.06992493383659948	0.5493079584775087	0.5649122807017544
chr12	14500000	27500000	chr12	14500000	27500000	255,255,0	1.4547822172535994	0.033196202047290346	0.08105463369862348	0.7417582417582418	0.7417582417582418
chr12	110500000	119500000	chr12	110500000	119500000	255,255,0	1.2323110818073868	0.043989639214768284	0.031452035994289126	0.5395833333333333	0.6708333333333334
chr12	95000000	103500000	chr12	95000000	103500000	255,255,0	1.1724510323467456	0.01398138732994958	0.02836619620709951	0.6172839506172839	0.6419753086419753
chr12	77000000	85500000	chr12	77000000	85500000	255,255,0	1.1160236606699716	0.013784004493137013	0.012880338474499072	0.6172839506172839	0.5925925925925926
chr13	19500000	31000000	chr13	19500000	31000000	255,255,0	1.6699823128665405	0.1469874446577445	0.013570353687323726	0.8541666666666666	0.7708333333333334
chr13	31000000	52500000	chr13	31000000	52500000	255,255,0	0.9590833483241606	0.13154477954548455	0.02018502703448981	0.6301652892561983	0.7004132231404959
chr13	42500000	52000000	chr13	42500000	52000000	255,255,0	1.0030892796474857	0.011999960423686735	0.029581336715425864	0.59	0.69
chr13	53000000	60000000	chr13	53000000	60000000	255,255,0	0.9167819103317035	0.032534157233020125	0.007556750497151832	0.625	0.5178571428571429
chr13	61000000	68000000	chr13	61000000	68000000	255,255,0	0.85515057741872	0.013800287629501765	0.015029885200581827	0.5178571428571429	0.625
chr13	53000000	69500000	chr13	53000000	69500000	255,255,0	1.2854988552770559	0.020319528976703298	0.0062629886994507765	0.8788927335640139	0.7335640138408305
chr13	32000000	41000000	chr13	32000000	41000000	255,255,0	0.8517265058644405	0.009009588823102457	0.010108575234033534	0.5444444444444444	0.5888888888888889
chr14	24500000	36500000	chr14	24500000	36500000	255,255,0	1.2838947745594766	0.13624525080723138	0.017424038483529396	0.7948717948717948	0.7756410256410257
chr14	78000000	88500000	chr14	78000000	88500000	255,255,0	1.621531809742918	0.04733024521801288	0.08078003471692607	0.8099173553719008	0.8264462809917356
chr14	67500000	77000000	chr14	67500000	77000000	255,255,0	1.0805183969377739	0.03635616267435975	0.048930479523089154	0.55	0.71
chr14	38000000	49000000	chr14	38000000	49000000	255,255,0	1.1267065956095128	0.025116346947732574	0.01432890712636901	0.5833333333333334	0.8106060606060606
chr15	45000000	56500000	chr15	45000000	56500000	255,255,0	1.6155077492510963	0.03912644870966178	0.03379252192307878	0.7430555555555556	0.7430555555555556
chr15	65000000	74500000	chr15	65000000	74500000	255,255,0	1.2218059685280387	0.02030164617354198	0.028085106802323113	0.73	0.55
chr16	58500000	66000000	chr16	58500000	66000000	255,255,0	1.3584219316610655	0.03441424893229047	0.08041202942672372	0.640625	0.671875
chr17	50500000	74000000	chr17	50500000	74000000	255,255,0	1.4600785010783248	0.1231588192172666	0.07185093283371659	0.625	0.5109289617486339
chr17	9000000	15500000	chr17	9000000	15500000	255,255,0	1.444526916727468	0.04635311312463995	0.04991030255602206	0.5306122448979592	0.5714285714285714
chr18	26500000	45500000	chr18	26500000	45500000	255,255,0	1.4055537922629677	0.14391387209224232	0.03171424584332789	0.6263157894736842	0.6236842105263158
chr18	26500000	34500000	chr18	26500000	34500000	255,255,0	1.4664850521923407	0.06415618489612768	0.009417638815665562	0.6944444444444444	0.5694444444444444
chr18	36500000	45500000	chr18	36500000	45500000	255,255,0	1.5990095185794861	0.016676025799703356	0.031731780225038836	0.6111111111111112	0.7
chr21	14000000	30500000	chr21	14000000	30500000	255,255,0	1.6115140434751132	0.1643702603580695	0.029273783270264225	0.7301038062283737	0.8650519031141869
chrX	63500000	85500000	chrX	63500000	85500000	255,255,0	1.0762227082843951	0.14135274842299106	0.03281619156067226	0.5652173913043478	0.5
chrX	25000000	38000000	chrX	25000000	38000000	255,255,0	1.7736850602739629	0.018873104080823388	0.022734577209937393	0.6208791208791209	0.8846153846153846
chrX	120000000	129000000	chrX	120000000	129000000	255,255,0	1.366252869885686	0.02381717496082302	0.01766359491647139	0.6111111111111112	0.6777777777777778
chrX	102500000	118000000	chrX	102500000	118000000	255,255,0	1.4303974762596277	0.01713220644181479	0.018788733989893232	0.71484375	0.66796875
chrX	25000000	32000000	chrX	25000000	32000000	255,255,0	1.1732804966301413	0.021317988745313352	0.012335893072250128	0.625	0.5178571428571429
chrX	74500000	86000000	chrX	74500000	86000000	255,255,0	1.723399999315449	0.010923668609331891	0.018797464627165944	0.6875	0.8541666666666666
chrX	129500000	137500000	chrX	129500000	137500000	255,255,0	1.1014282048443358	0.018758845700693062	0.010942558926048077	0.5436507936507937	0.5158730158730158
chrX	87500000	94500000	chrX	87500000	94500000	255,255,0	1.1605134227246656	0.007837327286068597	0.018844805322793784	0.5535714285714286	0.5892857142857143
chr1	109000000	121500000	chr1	109000000	121500000	255,255,0	1.724604278594776	0.029130520869872577	0.1216900956011513	0.757396449704142	0.8579881656804734
chr1	207000000	222500000	chr1	207000000	222500000	255,255,0	1.0276303117610754	0.030649721440191846	0.04521287878341247	0.51171875	0.79296875
chr1	213000000	222500000	chr1	213000000	222500000	255,255,0	1.2073054841592892	0.01979114086763761	0.050310783699258885	0.71	0.77
chr1	185000000	199500000	chr1	185000000	199500000	255,255,0	1.4058372080308652	0.013695966619717802	0.0531198365074565	0.8266666666666667	0.8977777777777778
chr1	100500000	108000000	chr1	100500000	108000000	255,255,0	0.9533738405587222	0.0044871444827671225	0.043804311372952695	0.578125	0.671875
chr1	94000000	108000000	chr1	94000000	108000000	255,255,0	1.0174313617505972	0.01755621476675876	0.02661705447106038	0.5	0.819047619047619
chr1	65000000	78000000	chr1	65000000	78000000	255,255,0	0.8412723746311515	0.017718200974010383	0.010770854372643583	0.6561355311355311	0.5224358974358974
chr1	77500000	86000000	chr1	77500000	86000000	255,255,0	0.8183080837983098	0.009459170197126554	0.0168188845248547	0.5679012345679012	0.5679012345679012
chr2	75000000	85000000	chr2	75000000	85000000	255,255,0	1.6795238231539051	0.03825814417336747	0.08192793842025442	0.7545454545454545	0.7636363636363637
chr2	48000000	60000000	chr2	48000000	60000000	255,255,0	1.2520820668475794	0.05579429006291809	0.028037907416193115	0.5705128205128205	0.7243589743589743
chr2	62000000	73000000	chr2	62000000	73000000	255,255,0	1.0480974383477764	0.02723492809882782	0.04389353192876618	0.5833333333333334	0.6136363636363636
chr2	181000000	196500000	chr2	181000000	196500000	255,255,0	1.087250434658937	0.036210767156794485	0.034260067793385474	0.62109375	0.51953125
chr2	201500000	207500000	chr2	201500000	207500000	255,255,0	0.9448352597713026	0.04028459819486797	0.02729013280184099	0.5	0.5
chr2	223000000	230500000	chr2	223000000	230500000	255,255,0	1.2985708377415062	0.020939205432146443	0.043627155420346134	0.5722064393939394	0.7336647727272727
chr2	208500000	215500000	chr2	208500000	215500000	255,255,0	1.1971896673065945	0.02142149234491343	0.04037948155346045	0.625	0.5892857142857143
chr2	152500000	166500000	chr2	152500000	166500000	255,255,0	1.2108785550978298	0.018770306235450354	0.03343041237026114	0.5476190476190477	0.7666666666666667
chr2	189500000	196500000	chr2	189500000	196500000	255,255,0	1.0273828370048022	0.01847555296904458	0.02811586150924835	0.5892857142857143	0.5178571428571429
chr2	169000000	177000000	chr2	169000000	177000000	255,255,0	1.2634626607383086	0.020369371941473903	0.013896212375129002	0.6527777777777778	0.7083333333333334
chr3	9500000	15500000	chr3	9500000	15500000	255,255,0	1.0440743275553945	0.07130934249767454	0.07550426713215933	0.5	0.5
chr3	17500000	37000000	chr3	17500000	37000000	255,255,0	1.1679448569891235	0.05445618794812991	0.08547990233328329	0.5075	0.6175
chr3	64500000	90000000	chr3	64500000	90000000	255,255,0	0.8935281687768115	0.04905379128514682	0.06431122805547179	0.5281065088757396	0.5887573964497042
chr3	93000000	121000000	chr3	93000000	121000000	255,255,0	1.305063075488366	0.05251893253464613	0.04018684376572114	0.7389162561576355	0.6416256157635468
chr3	93000000	111500000	chr3	93000000	111500000	255,255,0	0.980936470413921	0.06114413417325573	0.024323974689749905	0.5706371191135734	0.592797783933518
chr3	74000000	90000000	chr3	74000000	90000000	255,255,0	1.3838277075352505	0.019982478118194105	0.06486417189951274	0.7022058823529411	0.7794117647058824
chr3	93000000	100500000	chr3	93000000	100500000	255,255,0	1.1153050631764194	0.05164356381750068	0.028359904814271353	0.609375	0.578125
chr3	17500000	31000000	chr3	17500000	31000000	255,255,0	1.2881781478580914	0.049228118794310716	0.023157366129421892	0.6275510204081632	0.5153061224489796
chr3	122500000	141500000	chr3	122500000	141500000	255,255,0	1.3143710727061895	0.031062504631636678	0.02670508372820697	0.7342105263157894	0.5184210526315789
chr3	113000000	121000000	chr3	113000000	121000000	255,255,0	1.312919979434802	0.016944754461231552	0.03350545099678585	0.5416666666666666	0.6805555555555556
chr3	17500000	26000000	chr3	17500000	26000000	255,255,0	1.3108981511275775	0.04166693959022194	0.008043185185181797	0.7407407407407407	0.5185185185185185
chr3	172500000	180000000	chr3	172500000	180000000	255,255,0	1.1393141199653374	0.022963242524795875	0.02659225929037405	0.5993303571428572	0.5323660714285714
chr3	131500000	141000000	chr3	131500000	141000000	255,255,0	1.219701989020724	0.011564738625304103	0.025245957131414403	0.65	0.59
chr3	101000000	108500000	chr3	101000000	108500000	255,255,0	1.1636753024221798	0.01297481457819979	0.015911150135676982	0.640625	0.578125
chr3	160500000	169000000	chr3	160500000	169000000	255,255,0	1.3072912181860028	0.007629440652852115	0.015843485086298806	0.691358024691358	0.691358024691358
chr4	58000000	70000000	chr4	58000000	70000000	255,255,0	1.3332311698317802	0.08497207117390429	0.009853398988556465	0.648051948051948	0.510989010989011
chr4	57000000	75000000	chr4	57000000	75000000	255,255,0	1.6441634596477466	0.07636366399022965	0.011444716595611864	0.7865497076023392	0.652046783625731
chr4	26500000	37000000	chr4	26500000	37000000	255,255,0	1.5558569598122753	0.016082480181072167	0.037367524701959795	0.5619834710743802	0.7107438016528925
chr4	128500000	137500000	chr4	128500000	137500000	255,255,0	1.1532069295888594	0.01393851683391545	0.014009046697838888	0.5513888888888889	0.5069444444444444
chr5	50500000	65500000	chr5	50500000	65500000	255,255,0	1.120937615704159	0.13918258228108787	0.05958722297848748	0.6291666666666667	0.6333333333333333
chr5	34500000	45500000	chr5	34500000	45500000	255,255,0	1.1604682327208578	0.01097770416411899	0.17370489662232869	0.6742424242424242	0.6363636363636364
chr5	132500000	140500000	chr5	132500000	140500000	255,255,0	1.4026818335683227	0.07567323056840292	0.06208423989311802	0.5416666666666666	0.6805555555555556
chr5	71500000	80500000	chr5	71500000	80500000	255,255,0	1.487302063670598	0.04408826373316936	0.0308947504945178	0.6	0.7666666666666667
chr5	17500000	23500000	chr5	17500000	23500000	255,255,0	1.0145747694511087	0.019993470285208443	0.009182382304739015	0.5	0.5
chr5	24000000	31000000	chr5	24000000	31000000	255,255,0	1.1548891446779999	0.005220647960612904	0.020974053096053994	0.5178571428571429	0.625
chr5	102500000	110500000	chr5	102500000	110500000	255,255,0	1.0355720199544398	0.01311673566890242	0.011009345995672453	0.5416666666666666	0.5138888888888888
chr6	36500000	44000000	chr6	36500000	44000000	255,255,0	1.3004914700626966	0.12879942564728358	0.06596286692073153	0.6412726376707708	0.641404405253837
chr6	116000000	130000000	chr6	116000000	130000000	255,255,0	0.9409865412515255	0.05638584268712531	0.024552936478469074	0.6054029304029304	0.6145604395604396
chr6	60000000	72000000	chr6	60000000	72000000	255,255,0	1.0408039508592624	0.03886905270878155	0.007588088682167327	0.6602564102564102	0.5961538461538461
chr6	90000000	97500000	chr6	90000000	97500000	255,255,0	1.01174615614226	0.014542949414543763	0.0033884636240192538	0.640625	0.515625
chr7	65000000	72000000	chr7	65000000	72000000	255,255,0	1.2875454543640854	0.14053110799822688	0.05311980232872444	0.6071428571428571	0.5892857142857143
chr7	45500000	55000000	chr7	45500000	55000000	255,255,0	1.2791748207711218	0.018570129157077887	0.13435678443025045	0.63	0.7
chr7	107000000	127000000	chr7	107000000	127000000	255,255,0	1.3636553456481533	0.052458613747266646	0.048055114221445136	0.8166666666666667	0.6547619047619048
chr7	78000000	87500000	chr7	78000000	87500000	255,255,0	1.3008767884597763	0.08864157187462712	0.008089550970205438	0.77	0.53
chr7	77500000	97500000	chr7	77500000	97500000	255,255,0	1.8684382615916906	0.04969634210671864	0.04148955531055436	0.9357142857142857	0.8071428571428572
chr7	23000000	30000000	chr7	23000000	30000000	255,255,0	0.9658505435712308	0.02901076086930146	0.0075170312503962285	0.625	0.5178571428571429
chr7	31000000	43500000	chr7	31000000	43500000	255,255,0	0.8411246083147829	0.007666751632025552	0.011959214003828	0.5798816568047337	0.5680473372781065
chr8	20000000	28000000	chr8	20000000	28000000	255,255,0	1.5432051638094153	0.02485438860473622	0.017573864371251018	0.625	0.5694444444444444
chr8	31000000	37000000	chr8	31000000	37000000	255,255,0	1.3015171586416352	0.01976556488560939	0.01650296600457865	0.5	0.5
chr8	103500000	119000000	chr8	103500000	119000000	255,255,0	1.7152035481240184	0.019927936937270668	0.012775924762333237	0.79296875	0.65234375
chr8	74000000	91000000	chr8	74000000	91000000	255,255,0	1.5641324079779555	0.01572772584157716	0.01412397899190016	0.7026143790849673	0.6568627450980392
