chr1	x1	x2	chr2	y1	y2	color	score	uVarScore	lVarScore	upSign	loSign
chr10	51250000	69000000	chr10	51250000	69000000	255,255,0	1.7046791323532309	0.08965492147131918	0.059075153251759605	0.9344135802469136	0.8356481481481481
chr10	63250000	69000000	chr10	63250000	69000000	255,255,0	1.74133377557929	0.05200078549012435	0.08130067405947261	0.7986111111111112	0.8541666666666666
chr10	106000000	111500000	chr10	106000000	111500000	255,255,0	1.4051790511882762	0.07131896972626875	0.04577059903931018	0.8257575757575758	0.5681818181818182
chr10	81500000	85250000	chr10	81500000	85250000	255,255,0	1.1270700711725823	0.09064479597444552	0.02182205805631633	0.671875	0.546875
chr10	7000000	11750000	chr10	7000000	11750000	255,255,0	1.5345112465998372	0.03577200904148456	0.0671192528087079	0.79	0.79
chr10	105500000	118750000	chr10	105500000	118750000	255,255,0	1.482001212198339	0.048693615910781335	0.05263463836571021	0.9053497942386831	0.6474622770919067
chr10	81500000	93000000	chr10	81500000	93000000	255,255,0	1.2680491041060882	0.05336879547939615	0.045945687501106294	0.8243230358504958	0.5964244851258581
chr10	94000000	104750000	chr10	94000000	104750000	255,255,0	1.026520755180007	0.028146977513973742	0.06771048005115453	0.5557851239669421	0.6301652892561983
chr10	16000000	19000000	chr10	16000000	19000000	255,255,0	0.8698883266518925	0.06506897668872803	0.02066031983977616	0.5	0.5
chr10	75250000	80250000	chr10	75250000	80250000	255,255,0	1.2865828459702757	0.04111664255420991	0.04311828786938668	0.7727272727272727	0.6818181818181818
chr10	53000000	59000000	chr10	53000000	59000000	255,255,0	1.5543530722634744	0.058573587140333144	0.021933340906795842	0.8397435897435898	0.8397435897435898
chr10	70000000	74750000	chr10	70000000	74750000	255,255,0	1.3666922069100786	0.04918813506728731	0.024302751086309686	0.79	0.71
chr10	18250000	24750000	chr10	18250000	24750000	255,255,0	0.7930455099812114	0.03829852420252529	0.015858518100950174	0.5879120879120879	0.5
chr10	12250000	15500000	chr10	12250000	15500000	255,255,0	0.8883362662314866	0.02568416125365096	0.02132782606347814	0.5714285714285714	0.5306122448979592
chr10	16000000	27500000	chr10	16000000	27500000	255,255,0	0.9977006232213518	0.024321454912306736	0.012983222254529405	0.7590579710144928	0.5815217391304348
chr10	94000000	98000000	chr10	94000000	98000000	255,255,0	0.8981301261130823	0.015222626258595565	0.017345278858252558	0.5972222222222222	0.5972222222222222
chr11	56000000	60500000	chr11	56000000	60500000	255,255,0	1.371030367241073	0.15163380232426027	0.04596649115428175	0.6111111111111112	0.7666666666666667
chr11	80000000	107750000	chr11	80000000	107750000	255,255,0	1.4196525604553905	0.07845050816659138	0.06607699414548829	0.8338647959183674	0.5003188775510204
chr11	40500000	43500000	chr11	40500000	43500000	255,255,0	0.9845043101610664	0.016558857550722835	0.1276736313214145	0.5	0.5
chr11	78500000	111750000	chr11	78500000	111750000	255,255,0	1.568337345034023	0.06310049401621892	0.06975783407793293	0.9311650701715304	0.5015673981191222
chr11	36500000	40250000	chr11	36500000	40250000	255,255,0	1.3132884706065748	0.08689163301062183	0.027124254309850382	0.671875	0.640625
chr11	21500000	26500000	chr11	21500000	26500000	255,255,0	1.284956099106932	0.05784348952301786	0.03575592096758583	0.6818181818181818	0.7181818181818181
chr11	36500000	43750000	chr11	36500000	43750000	255,255,0	1.920606240756912	0.04001850251359118	0.04906562113595572	0.8888888888888888	0.9066666666666666
chr11	13250000	17750000	chr11	13250000	17750000	255,255,0	0.8633919702748278	0.02711534886896564	0.0520513819061211	0.5	0.5
chr11	26750000	31000000	chr11	26750000	31000000	255,255,0	1.092216951599428	0.03010251079793012	0.040304718087107574	0.5432098765432098	0.6666666666666666
chr11	112750000	117000000	chr11	112750000	117000000	255,255,0	1.245787799257159	0.02711583148123519	0.04220724169972079	0.691358024691358	0.7407407407407407
chr11	90000000	93500000	chr11	90000000	93500000	255,255,0	1.1075001197702188	0.021617748115922916	0.0417535912389631	0.625	0.625
chr11	126750000	130250000	chr11	126750000	130250000	255,255,0	1.0787191574312738	0.04005477373157807	0.022968552930575436	0.625	0.625
chr11	103000000	111750000	chr11	103000000	111750000	255,255,0	1.1897487217147724	0.021880736263904667	0.03962594528395587	0.5462962962962963	0.8425925925925926
chr11	95000000	101000000	chr11	95000000	101000000	255,255,0	1.4992018891390344	0.032898864533450756	0.02784669268572801	0.8525641025641025	0.8012820512820513
chr11	103000000	107500000	chr11	103000000	107500000	255,255,0	1.2336833906811986	0.03057481425705213	0.023013204518152943	0.7222222222222222	0.7444444444444445
chr11	20250000	31750000	chr11	20250000	31750000	255,255,0	1.3170093638863074	0.03141339468540562	0.02122984750351526	0.7844202898550725	0.7989130434782609
chr11	108250000	111750000	chr11	108250000	111750000	255,255,0	0.9166685882435267	0.0181001277861451	0.025092762915946348	0.5178571428571429	0.625
chr2B	26500000	38250000	chr2B	26500000	38250000	255,255,0	1.1054003612920735	0.15170557003134105	0.0252366162721638	0.6857638888888888	0.7378472222222222
chr2B	103250000	106750000	chr2B	103250000	106750000	255,255,0	1.1747318060950498	0.060457981986465306	0.11628265347762978	0.5178571428571429	0.625
chr2B	32750000	37500000	chr2B	32750000	37500000	255,255,0	1.4420967410850005	0.060619172746026184	0.04454349876078521	0.75	0.75
chr2B	87250000	91250000	chr2B	87250000	91250000	255,255,0	1.2296556643105163	0.03753552951462908	0.0596655481057138	0.625	0.7083333333333334
chr2B	28500000	32500000	chr2B	28500000	32500000	255,255,0	1.3110239349683483	0.03145698317179044	0.05650480641446892	0.7083333333333334	0.7083333333333334
chr2B	8250000	13250000	chr2B	8250000	13250000	255,255,0	1.5760980340858142	0.041124627090876095	0.0419730065332124	0.8090909090909091	0.8
chr2B	99000000	106750000	chr2B	99000000	106750000	255,255,0	1.2308250653871522	0.025677372440151815	0.05327139784477056	0.59765625	0.83203125
chr2B	110250000	121500000	chr2B	110250000	121500000	255,255,0	1.6113375474757232	0.030586987272108478	0.04276689873041939	0.8204158790170132	0.9073724007561437
chr2B	51500000	58250000	chr2B	51500000	58250000	255,255,0	1.1330910317291463	0.027388655608251416	0.04559590899266368	0.5867346938775511	0.7397959183673469
chr2B	42500000	47500000	chr2B	42500000	47500000	255,255,0	1.4399256784044756	0.030207948907812657	0.03697273879006664	0.8090909090909091	0.8090909090909091
chr2B	115000000	118000000	chr2B	115000000	118000000	255,255,0	0.8248104453855323	0.03859329429982791	0.02410074935791927	0.5	0.5
chr2B	42500000	57750000	chr2B	42500000	57750000	255,255,0	1.0276551659018731	0.026429076755036217	0.03597445668494476	0.5827263267429761	0.7013527575442248
chr2B	73000000	77750000	chr2B	73000000	77750000	255,255,0	0.7998346979940113	0.022707455720571514	0.02763736816376019	0.51	0.53
chr2B	80250000	87000000	chr2B	80250000	87000000	255,255,0	1.4164008070652159	0.017297578091330826	0.023321173392250885	0.8622448979591837	0.8520408163265306
chr2B	68750000	72750000	chr2B	68750000	72750000	255,255,0	1.0605892832465513	0.022283541121640084	0.01747499039433413	0.7083333333333334	0.625
chr9	34000000	39500000	chr9	34000000	39500000	255,255,0	1.2552014576204429	0.05263067579832584	0.1273108018680676	0.6799242424242424	0.707521645021645
chr9	47500000	54250000	chr9	47500000	54250000	255,255,0	1.3689038380876353	0.15263685744005923	0.011511465762414762	0.8724489795918368	0.8316326530612245
chr9	46750000	63250000	chr9	46750000	63250000	255,255,0	1.868982336532927	0.1317852757398527	0.021254914085642562	0.9367201426024956	0.9812834224598931
chr9	76500000	100750000	chr9	76500000	100750000	255,255,0	1.1942083562105341	0.04096638856375949	0.09865431825572704	0.7771761765930862	0.7130108031939878
chr9	63750000	69750000	chr9	63750000	69750000	255,255,0	1.5476055995192906	0.07940250184851977	0.025332354504165815	0.8653846153846154	0.7756410256410257
chr9	28000000	33500000	chr9	28000000	33500000	255,255,0	1.4841166177464065	0.024548076462588192	0.07994901561632506	0.8257575757575758	0.8409090909090909
chr9	78250000	83250000	chr9	78250000	83250000	255,255,0	1.2132824077700715	0.06338925744096219	0.03810158447777301	0.7727272727272727	0.7
chr9	71250000	75500000	chr9	71250000	75500000	255,255,0	1.0886314938822441	0.039936750900396355	0.051073205981349165	0.7160493827160493	0.7160493827160493
chr9	92750000	98750000	chr9	92750000	98750000	255,255,0	1.2616635509807943	0.03465112690127014	0.051609942132320286	0.7756410256410257	0.8141025641025641
chr9	55500000	63250000	chr9	55500000	63250000	255,255,0	1.4171645889651692	0.02760196890595482	0.053544983739114815	0.54296875	0.91796875
chr9	63750000	75750000	chr9	63750000	75750000	255,255,0	1.5262515816679372	0.04515398155000522	0.035442002514650246	0.9616666666666667	0.7183333333333334
chr9	22500000	27500000	chr9	22500000	27500000	255,255,0	1.176460797876155	0.02057349098078491	0.02178641948040179	0.8090909090909091	0.7909090909090909
chr2A	39750000	43250000	chr2A	39750000	43250000	255,255,0	0.9649076414797663	0.0658805428149779	0.10547821984419033	0.5178571428571429	0.5892857142857143
chr2A	76500000	86500000	chr2A	76500000	86500000	255,255,0	1.8202438192265307	0.03989793871347819	0.10055324900859486	0.9023809523809524	0.9357142857142857
chr2A	33250000	43250000	chr2A	33250000	43250000	255,255,0	1.135703018496906	0.054815067705821174	0.0796016931907446	0.75	0.6166666666666667
chr2A	81750000	86500000	chr2A	81750000	86500000	255,255,0	1.5077674844605782	0.033459062047231425	0.09610761307597976	0.77	0.79
chr2A	12000000	23250000	chr2A	12000000	23250000	255,255,0	0.982262710287589	0.06287605960639792	0.06358618013469763	0.5103969754253308	0.7485822306238186
chr2A	76750000	81250000	chr2A	76750000	81250000	255,255,0	1.3447869180725258	0.08599021994576847	0.03144067054107392	0.7666666666666667	0.7444444444444445
chr2A	66250000	70500000	chr2A	66250000	70500000	255,255,0	1.281895904963585	0.05120870865615995	0.05634572488623664	0.7407407407407407	0.7407407407407407
chr2A	11750000	16750000	chr2A	11750000	16750000	255,255,0	1.203363905867112	0.0716150298788645	0.026014135009687474	0.7727272727272727	0.6454545454545455
chr2A	49250000	61750000	chr2A	49250000	61750000	255,255,0	1.200324239525126	0.04785127518480557	0.04743201681769241	0.6753846153846154	0.7861538461538462
chr2A	63000000	75000000	chr2A	63000000	75000000	255,255,0	0.7822370801045464	0.03846687938639534	0.04510979131244473	0.505	0.575
chr2A	56750000	61750000	chr2A	56750000	61750000	255,255,0	1.1970757467013016	0.02160827658327896	0.061500854507282654	0.6818181818181818	0.7727272727272727
chr2A	71250000	75750000	chr2A	71250000	75750000	255,255,0	1.1531611791245768	0.038873958821750466	0.04387335759842481	0.6333333333333333	0.7444444444444445
chr2A	33250000	37250000	chr2A	33250000	37250000	255,255,0	1.2224115503220783	0.04167715943617471	0.038405276791245946	0.7083333333333334	0.7083333333333334
chr2A	63500000	71000000	chr2A	63500000	71000000	255,255,0	0.9306370345422228	0.04097782947384171	0.03900150915273663	0.5708333333333333	0.6625
chr2A	49250000	55500000	chr2A	49250000	55500000	255,255,0	1.2987458608519729	0.037924299694605396	0.029093805774493973	0.8520710059171598	0.7337278106508875
chr2A	44000000	48250000	chr2A	44000000	48250000	255,255,0	1.1592615824030463	0.03373982520842174	0.027480654381580268	0.7160493827160493	0.7407407407407407
chr2A	28250000	32750000	chr2A	28250000	32750000	255,255,0	0.8511461486945688	0.016981732480818006	0.017025035237518023	0.6592013888888889	0.5835069444444445
chr13	4750000	8750000	chr13	4750000	8750000	255,255,0	1.0310195865349998	0.1708369952781922	0.021868746973018237	0.625	0.6805555555555556
chr13	37750000	42250000	chr13	37750000	42250000	255,255,0	1.4684720759264387	0.08020642771407932	0.033902742843106	0.7666666666666667	0.7222222222222222
chr13	88500000	93750000	chr13	88500000	93750000	255,255,0	1.6655593036380378	0.0472965771255181	0.0522493934291543	0.8264462809917356	0.7933884297520661
chr13	15750000	31250000	chr13	15750000	31250000	255,255,0	0.8147190411000564	0.03984309870348672	0.04089116829667218	0.5231854838709677	0.563508064516129
chr13	77000000	83250000	chr13	77000000	83250000	255,255,0	0.8918399043751256	0.017020367525137955	0.05055302932058048	0.5443786982248521	0.6272189349112426
chr13	17500000	21250000	chr13	17500000	21250000	255,255,0	0.9833476911304182	0.034005017726639226	0.032608774148013824	0.671875	0.515625
chr13	26250000	31250000	chr13	26250000	31250000	255,255,0	0.993404852847011	0.02190906753266945	0.042178411085622175	0.6251936983471074	0.5783186983471074
chr13	72250000	76750000	chr13	72250000	76750000	255,255,0	1.3201719256049358	0.027001359066928063	0.03232964079078063	0.6777777777777778	0.7666666666666667
chr13	47000000	52250000	chr13	47000000	52250000	255,255,0	1.5488738475706807	0.026626012447204694	0.02719658553365152	0.8264462809917356	0.8264462809917356
chr13	38000000	55500000	chr13	38000000	55500000	255,255,0	1.2792681741284142	0.03376207723245314	0.010734032171676441	0.8992063492063492	0.5436507936507936
chr13	16250000	25750000	chr13	16250000	25750000	255,255,0	1.2119921961294196	0.01529456816203131	0.011258783358309914	0.6763157894736842	0.8289473684210527
chr13	55250000	62750000	chr13	55250000	62750000	255,255,0	0.7481408122867066	0.008005995290553212	0.009119598687721324	0.5041666666666667	0.5375
chr14	8250000	18250000	chr14	8250000	18250000	255,255,0	1.0759911557738757	0.10255522306933142	0.027785332123873123	0.7023809523809523	0.8261904761904761
chr14	29500000	33500000	chr14	29500000	33500000	255,255,0	1.158140187681772	0.03682078884298655	0.07223961857975095	0.6805555555555556	0.7083333333333334
chr14	14500000	18250000	chr14	14500000	18250000	255,255,0	1.112436089926025	0.036123948443369566	0.059357120215192696	0.671875	0.671875
chr14	35250000	39000000	chr14	35250000	39000000	255,255,0	0.5885437455308198	0.06378033553236054	0.03147263013408881	0.5	0.5
chr14	42750000	51500000	chr14	42750000	51500000	255,255,0	0.6486426903339335	0.04177577949541307	0.042594472710073925	0.5	0.5401234567901234
chr14	23250000	29000000	chr14	23250000	29000000	255,255,0	1.350062655303837	0.03921685422698999	0.04278664835802268	0.8541666666666666	0.7708333333333334
chr14	8500000	14250000	chr14	8500000	14250000	255,255,0	1.3350652215053023	0.05309315677082574	0.020810511046282683	0.8125	0.8402777777777778
chr14	75500000	85250000	chr14	75500000	85250000	255,255,0	0.9155308374158091	0.03377274397957209	0.03793362569552349	0.7825	0.5
chr14	54250000	58000000	chr14	54250000	58000000	255,255,0	1.0277155264256903	0.02938547034350058	0.031548316815771374	0.671875	0.671875
chr14	62500000	73500000	chr14	62500000	73500000	255,255,0	1.8418895321615825	0.03177212946186936	0.028614650343075698	0.9387351778656127	0.9426877470355731
chr15	14750000	20000000	chr15	14750000	20000000	255,255,0	1.6653634805342898	0.049388054752950786	0.050423313850755935	0.7603305785123967	0.8264462809917356
chr15	25500000	37250000	chr15	25500000	37250000	255,255,0	1.4891597105853118	0.048072750581127574	0.0380129163446305	0.8385416666666666	0.765625
chr15	20750000	25000000	chr15	20750000	25000000	255,255,0	1.2859943860571788	0.0393442842046228	0.042924069569278044	0.7160493827160493	0.691358024691358
chr15	25500000	31500000	chr15	25500000	31500000	255,255,0	1.4921135654089086	0.05445169580021528	0.02369930937210612	0.8397435897435898	0.6346153846153846
chr15	75000000	79250000	chr15	75000000	79250000	255,255,0	1.2401761896441086	0.04300851812970774	0.03437321591922434	0.7407407407407407	0.55
chr15	32000000	37250000	chr15	32000000	37250000	255,255,0	1.3522156710019133	0.03228608598782186	0.03320888118328674	0.6776859504132231	0.7768595041322314
chr15	39750000	44500000	chr15	39750000	44500000	255,255,0	1.2826850749143064	0.026723653952852713	0.03355934965941681	0.71	0.71
chr15	46500000	54750000	chr15	46500000	54750000	255,255,0	1.3022122006312178	0.010653592938288395	0.015494928480159063	0.8442906574394463	0.7612456747404844
chr17	21000000	28250000	chr17	21000000	28250000	255,255,0	0.9648280215735721	0.032917178133050874	0.12226828913733483	0.6138980384763256	0.6372110024251028
chr17	50250000	55750000	chr17	50250000	55750000	255,255,0	1.6157792414504002	0.08012430715326024	0.055050781199109916	0.8409090909090909	0.8409090909090909
chr17	67750000	72500000	chr17	67750000	72500000	255,255,0	1.4552573466162337	0.05008798603671141	0.07086264598469069	0.79	0.79
chr17	63500000	67000000	chr17	63500000	67000000	255,255,0	1.056417521560646	0.05327113539849847	0.06003636657566451	0.625	0.625
chr17	58500000	63000000	chr17	58500000	63000000	255,255,0	1.1164216691867184	0.05711529531306396	0.05090907053154465	0.6777777777777778	0.7444444444444445
chr17	14000000	18000000	chr17	14000000	18000000	255,255,0	0.753996388795998	0.06598310069057686	0.028372304582669428	0.5138888888888888	0.5138888888888888
chr16	61500000	65500000	chr16	61500000	65500000	255,255,0	1.207210625809704	0.08877439869392402	0.09023940095559362	0.5717412322525959	0.678851924590561
chr16	37000000	47250000	chr16	37000000	47250000	255,255,0	1.6045728279545282	0.14765659001362308	0.025345703591946385	0.8253968253968254	0.8480725623582767
chr16	5500000	9000000	chr16	5500000	9000000	255,255,0	1.2682339926358301	0.1116514765413949	0.05030216884548182	0.625	0.625
chr16	23250000	27500000	chr16	23250000	27500000	255,255,0	1.2536644120298412	0.05907183675148843	0.09986151469488824	0.5925925925925926	0.7407407407407407
chr16	49250000	52750000	chr16	49250000	52750000	255,255,0	1.1446422185833336	0.12488106546326941	0.029776823505784773	0.625	0.5535714285714286
chr16	66500000	75000000	chr16	66500000	75000000	255,255,0	1.4611606697910218	0.04715417132382835	0.0779272893145812	0.8856209150326797	0.6
chr16	69000000	72000000	chr16	69000000	72000000	255,255,0	0.9855144523880279	0.06620082895511595	0.043849679329948196	0.5818181818181818	0.5272727272727273
chr16	49250000	57000000	chr16	49250000	57000000	255,255,0	1.9011369762411205	0.04409739445599062	0.04830643271287394	0.89453125	0.91796875
chr16	44000000	47250000	chr16	44000000	47250000	255,255,0	0.9340323822585176	0.015281224642617173	0.06398483793295481	0.5306122448979592	0.5714285714285714
chr1	109250000	126250000	chr1	109250000	126250000	255,255,0	0.009004254418061075	0.28392140223159656	0.46358095681474554	0.40672268907563025	0.4890756302521008
chr1	95500000	108750000	chr1	95500000	108750000	255,255,0	1.3227524522167091	0.03900959788469338	0.1577967836554519	0.6419753086419753	0.8628257887517147
chr1	47750000	51000000	chr1	47750000	51000000	255,255,0	1.2136790781761642	0.10155393082930551	0.08364063600001803	0.6375283446712019	0.6579365079365079
chr1	127500000	132500000	chr1	127500000	132500000	255,255,0	1.3828813357981455	0.09344804985995425	0.07033860555911978	0.8090909090909091	0.6090909090909091
chr1	104250000	109000000	chr1	104250000	109000000	255,255,0	1.2893981856504209	0.015209472088100662	0.1318182422236951	0.55	0.78
chr1	175750000	179250000	chr1	175750000	179250000	255,255,0	0.9276881888646273	0.033166469058380936	0.1033505520057238	0.5089285714285714	0.5625
chr1	135000000	139000000	chr1	135000000	139000000	255,255,0	1.262682796545198	0.0733456302694298	0.060314340340019354	0.7083333333333334	0.7083333333333334
chr1	78750000	85250000	chr1	78750000	85250000	255,255,0	1.0911062039768313	0.09545421372248396	0.037177114266203556	0.7637362637362637	0.7967032967032966
chr1	140500000	144750000	chr1	140500000	144750000	255,255,0	0.9843947081770636	0.07715522127848061	0.04658610557848479	0.6363636363636364	0.5363636363636364
chr1	101250000	109000000	chr1	101250000	109000000	255,255,0	1.4915336277837803	0.013399199588572622	0.10342867498539499	0.58984375	0.8984375
chr1	11250000	15000000	chr1	11250000	15000000	255,255,0	1.080583683956038	0.055089702121377385	0.060065822682393216	0.578125	0.671875
chr1	95500000	100000000	chr1	95500000	100000000	255,255,0	1.2286513173959042	0.07678751577457751	0.029455437609628023	0.7222222222222222	0.7
chr1	179750000	184500000	chr1	179750000	184500000	255,255,0	1.4343502851475534	0.04781306252176579	0.0413776924666996	0.79	0.79
chr1	185500000	201500000	chr1	185500000	201500000	255,255,0	1.2179876673601187	0.04355608483527156	0.04523069427358141	0.6278409090909091	0.8494318181818182
chr1	54500000	61750000	chr1	54500000	61750000	255,255,0	1.0609471021143944	0.046862529321757766	0.03767252674616332	0.7111111111111111	0.5955555555555555
chr1	163500000	178500000	chr1	163500000	178500000	255,255,0	1.4101185741263729	0.01844378742271384	0.06386940955519448	0.8698924731182796	0.8053763440860215
chr1	71000000	75000000	chr1	71000000	75000000	255,255,0	1.2254977793027764	0.030404117423272398	0.049582495637462004	0.7083333333333334	0.7083333333333334
chr1	67750000	75750000	chr1	67750000	75750000	255,255,0	0.9314083513384113	0.043965451340098397	0.03471435592040191	0.5477941176470589	0.6948529411764706
chr1	215750000	220750000	chr1	215750000	220750000	255,255,0	1.343528564133246	0.054724558029221354	0.0236178564802069	0.8090909090909091	0.7545454545454545
chr1	192000000	201500000	chr1	192000000	201500000	255,255,0	1.31056970652536	0.02791593230008896	0.04514040042683662	0.6921052631578948	0.8657894736842106
chr1	27250000	31250000	chr1	27250000	31250000	255,255,0	1.0079501480573714	0.03912402318443585	0.03377715935753901	0.5416666666666666	0.7083333333333334
chr1	193750000	198750000	chr1	193750000	198750000	255,255,0	0.8794414816871816	0.03775723924468238	0.03372142532843812	0.6272727272727273	0.5
chr1	86500000	89750000	chr1	86500000	89750000	255,255,0	0.8648193644615138	0.035257744846028664	0.03223359276788881	0.5714285714285714	0.5306122448979592
chr1	185500000	191000000	chr1	185500000	191000000	255,255,0	1.3198091179206415	0.04195085592101079	0.021041139505092947	0.8409090909090909	0.7348484848484849
chr1	65250000	75750000	chr1	65250000	75750000	255,255,0	1.052529683824456	0.027034206568581867	0.03481505283493072	0.7424242424242424	0.6558441558441559
chr1	67500000	70750000	chr1	67500000	70750000	255,255,0	0.8591430136526523	0.03197642664480374	0.024859089053233765	0.5696649029982364	0.5245653817082389
chr1	153500000	157250000	chr1	153500000	157250000	255,255,0	0.919609142708382	0.028864198536064912	0.026429837190507073	0.515625	0.671875
chr1	15750000	19500000	chr1	15750000	19500000	255,255,0	1.061077227094231	0.0413121883318532	0.012248679137936412	0.671875	0.640625
chr1	164000000	169000000	chr1	164000000	169000000	255,255,0	1.1359544332971547	0.03689368920136955	0.016354282243940005	0.7363636363636363	0.7181818181818181
chr1	15750000	25250000	chr1	15750000	25250000	255,255,0	0.8133926374219388	0.030536260912256665	0.016162837036558568	0.5552631578947368	0.5657894736842105
chr1	209750000	215250000	chr1	209750000	215250000	255,255,0	0.7747440851086724	0.015755936981435494	0.030164004190202535	0.513047138047138	0.5206228956228955
chr1	171750000	175500000	chr1	171750000	175500000	255,255,0	1.0697563850101965	0.01390963822035432	0.0306641638513414	0.671875	0.671875
chr1	39500000	44750000	chr1	39500000	44750000	255,255,0	0.8866577106008275	0.016274007819223512	0.02680059778499773	0.5215044695564176	0.6328217237308147
chr18	5000000	8500000	chr18	5000000	8500000	255,255,0	0.6763294012334765	0.1536691568877095	0.012589101459763798	0.5	0.5535714285714286
chr18	47750000	53750000	chr18	47750000	53750000	255,255,0	1.0895965652899617	0.06922845287460133	0.042289551407446065	0.6716727716727717	0.5721611721611721
chr18	39250000	43000000	chr18	39250000	43000000	255,255,0	1.1908427112486315	0.023382114805036235	0.07197341786280398	0.609375	0.671875
chr18	34000000	39000000	chr18	34000000	39000000	255,255,0	1.714938542946296	0.05166822864637491	0.03103957868968539	0.8090909090909091	0.8090909090909091
chr18	23750000	42750000	chr18	23750000	42750000	255,255,0	0.8713786474072247	0.02949795481175813	0.046875612140035466	0.5917678812415654	0.5080971659919028
chr18	43500000	47500000	chr18	43500000	47500000	255,255,0	1.2936091638718634	0.0322871261273731	0.028278693262671926	0.7083333333333334	0.6527777777777778
chr18	67750000	71500000	chr18	67750000	71500000	255,255,0	1.0450307602057216	0.025897143038270613	0.026690142869598893	0.671875	0.578125
chr18	24000000	30500000	chr18	24000000	30500000	255,255,0	1.459758424195739	0.0193533829615343	0.019344137723150936	0.8736263736263736	0.7197802197802198
chr20	33000000	39250000	chr20	33000000	39250000	255,255,0	1.6910702272975484	0.14754279982571133	0.03116876078060147	0.8106508875739645	0.7218934911242604
chr20	53500000	58750000	chr20	53500000	58750000	255,255,0	1.6711949582592507	0.06552371298039228	0.04873264309518687	0.7933884297520661	0.6942148760330579
chr20	47500000	51500000	chr20	47500000	51500000	255,255,0	1.2677715509541228	0.035517182480398556	0.051072975120689076	0.5416666666666666	0.7083333333333334
chr20	40250000	45750000	chr20	40250000	45750000	255,255,0	1.7020996773161599	0.047751907758761994	0.03661607303906805	0.7651515151515151	0.7954545454545454
chr20	5500000	9000000	chr20	5500000	9000000	255,255,0	1.2396688197092394	0.06474166737949744	0.016149950601548703	0.625	0.5892857142857143
chr20	13500000	17250000	chr20	13500000	17250000	255,255,0	1.3225089223712043	0.03034507141100711	0.043281396573323014	0.609375	0.671875
chr20	5500000	12750000	chr20	5500000	12750000	255,255,0	1.0957328449438044	0.05010678084605002	0.009528091695659584	0.6044444444444445	0.56
chr19	31000000	34750000	chr19	31000000	34750000	255,255,0	1.2760765724991885	0.1530606223014545	0.04604690426923806	0.578125	0.671875
chr19	36250000	47000000	chr19	36250000	47000000	255,255,0	0.97132488390162	0.10757265047008405	0.054927826236634655	0.5227272727272727	0.6012396694214877
chr19	13250000	20500000	chr19	13250000	20500000	255,255,0	1.4255486613432522	0.035736096312917805	0.07952007290890686	0.6222222222222222	0.8355555555555556
chr19	6250000	10750000	chr19	6250000	10750000	255,255,0	1.3026494328734264	0.04615450204165515	0.055258841665350056	0.6555555555555556	0.7222222222222222
chr19	47500000	52000000	chr19	47500000	52000000	255,255,0	1.2090720644112183	0.046194480699488456	0.032059151763178466	0.6555555555555556	0.6777777777777778
chr19	53250000	56250000	chr19	53250000	56250000	255,255,0	0.9196858803471577	0.02813874975469892	0.03065429907038783	0.5	0.5
chr22	7500000	11000000	chr22	7500000	11000000	255,255,0	1.2764980973486313	0.05469123676066857	0.06434508109837081	0.5535714285714286	0.5535714285714286
chr22	24000000	28500000	chr22	24000000	28500000	255,255,0	1.4532401504081671	0.04764697982200036	0.023183555929998042	0.6333333333333333	0.6111111111111112
chr21	12000000	17000000	chr21	12000000	17000000	255,255,0	1.0901225214904477	0.04174062421137711	0.08106359296219653	0.5538961038961039	0.5766233766233766
chr21	7500000	11500000	chr21	7500000	11500000	255,255,0	1.6916365704736012	0.028279991460902862	0.04837358966153252	0.6805555555555556	0.7083333333333334
chr3	4500000	8750000	chr3	4500000	8750000	255,255,0	1.1927083970978312	0.03608281436726481	0.09970397064412156	0.5185185185185185	0.7407407407407407
chr3	34000000	38250000	chr3	34000000	38250000	255,255,0	1.1596242104410988	0.07043854508625118	0.060351582923164275	0.7407407407407407	0.5925925925925926
chr3	111500000	115500000	chr3	111500000	115500000	255,255,0	1.1713486348902666	0.0589725596163337	0.06311289935776522	0.7083333333333334	0.6805555555555556
chr3	29000000	32000000	chr3	29000000	32000000	255,255,0	0.8498082957742188	0.032314387662872965	0.0814900808035812	0.5	0.5
chr3	9750000	15500000	chr3	9750000	15500000	255,255,0	1.5793042625054121	0.06366088196718575	0.04625991242008623	0.8125	0.8402777777777778
chr3	55750000	64750000	chr3	55750000	64750000	255,255,0	0.7387271079265928	0.06734853043623024	0.0352540805783712	0.5175438596491229	0.5058479532163743
chr3	50750000	53750000	chr3	50750000	53750000	255,255,0	0.7706336946292918	0.024971730340856535	0.07146563676425635	0.5	0.5
chr3	176500000	180500000	chr3	176500000	180500000	255,255,0	1.0411236543527354	0.07228145317165394	0.022008557763908115	0.7083333333333334	0.5138888888888888
chr3	176500000	183000000	chr3	176500000	183000000	255,255,0	1.5931371497233449	0.051844465925104416	0.0366178910327276	0.8736263736263736	0.8516483516483516
chr3	47500000	54000000	chr3	47500000	54000000	255,255,0	0.876103514580677	0.03681651621128995	0.051057708106494036	0.5989010989010989	0.5
chr3	18500000	32000000	chr3	18500000	32000000	255,255,0	0.9788035189520488	0.0581236849469913	0.02851710282124102	0.6335978835978836	0.5595238095238095
chr3	54500000	58500000	chr3	54500000	58500000	255,255,0	1.2315369317212743	0.053613340745586005	0.03290581283835788	0.6805555555555556	0.7083333333333334
chr3	191250000	197750000	chr3	191250000	197750000	255,255,0	1.401994093321091	0.035844996525576905	0.04868316492435282	0.8296703296703297	0.7
chr3	164250000	168750000	chr3	164250000	168750000	255,255,0	1.2739462848960537	0.04634749032998495	0.03237754117466833	0.7666666666666667	0.6777777777777778
chr3	146500000	150500000	chr3	146500000	150500000	255,255,0	1.1549359711727258	0.05566280847732297	0.020510596484422414	0.7083333333333334	0.625
chr3	82000000	88250000	chr3	82000000	88250000	255,255,0	1.4080899135189353	0.016897432648221244	0.05718529911601257	0.863905325443787	0.8757396449704142
chr3	59500000	64750000	chr3	59500000	64750000	255,255,0	1.4551305139471165	0.04124703655705071	0.032105881840265124	0.8264462809917356	0.8099173553719008
chr3	119000000	122750000	chr3	119000000	122750000	255,255,0	1.1267732628060831	0.024507318058091608	0.04098115197151238	0.6723901098901099	0.6875
chr3	126500000	132500000	chr3	126500000	132500000	255,255,0	1.1000133486137254	0.021269215413172782	0.031108530259495053	0.5705128205128205	0.7756410256410257
chr3	40250000	43250000	chr3	40250000	43250000	255,255,0	0.7698538869241442	0.025668936129096348	0.02666855491290248	0.5	0.5
chr3	17500000	25750000	chr3	17500000	25750000	255,255,0	1.1975889401891557	0.03743134334798555	0.013479859105540497	0.8927335640138409	0.5536332179930796
chr3	104500000	110750000	chr3	104500000	110750000	255,255,0	1.4975778457325701	0.016778871350289548	0.03364392090398813	0.8757396449704142	0.8520710059171598
chr3	164000000	173000000	chr3	164000000	173000000	255,255,0	0.9653122191471459	0.030825011990608553	0.018223659237193254	0.5973214285714286	0.6776785714285714
chr3	133500000	145000000	chr3	133500000	145000000	255,255,0	1.1031069198736194	0.018568728396491367	0.02663209317898727	0.8568840579710145	0.592391304347826
chr4	84250000	90000000	chr4	84250000	90000000	255,255,0	1.6797925450784466	0.15657204213613318	0.016298938923253042	0.8263888888888888	0.8541666666666666
chr4	62250000	72750000	chr4	62250000	72750000	255,255,0	1.1454094256021417	0.022593397668466058	0.125001477242447	0.5	0.7467532467532467
chr4	70000000	73250000	chr4	70000000	73250000	255,255,0	1.116299720133713	0.027913541747780917	0.11946119654018289	0.5306122448979592	0.5714285714285714
chr4	55000000	73250000	chr4	55000000	73250000	255,255,0	1.262695238002783	0.019333954628145127	0.12354190089205541	0.6018991964937911	0.799853907962016
chr4	42250000	46750000	chr4	42250000	46750000	255,255,0	1.3634357791331062	0.0706248137248115	0.034882307963154474	0.7444444444444445	0.6555555555555556
chr4	91500000	96500000	chr4	91500000	96500000	255,255,0	1.6530786330722735	0.06191962093019007	0.043257105421936906	0.8090909090909091	0.8090909090909091
chr4	132000000	136250000	chr4	132000000	136250000	255,255,0	1.4740358534359315	0.06052436389753585	0.038722339966871994	0.7407407407407407	0.7160493827160493
chr4	18000000	21500000	chr4	18000000	21500000	255,255,0	1.1501701879959139	0.05807822137414527	0.03523548436738469	0.625	0.5892857142857143
chr4	173750000	177250000	chr4	173750000	177250000	255,255,0	1.2070139537394444	0.05205737909211498	0.04089438233254477	0.625	0.625
chr4	62750000	66500000	chr4	62750000	66500000	255,255,0	1.1819371921056447	0.05497638506136379	0.031068887938365347	0.671875	0.609375
chr4	4250000	9250000	chr4	4250000	9250000	255,255,0	1.2955676084017553	0.024072546498138295	0.06195936308905123	0.5181818181818182	0.7727272727272727
chr4	67000000	73500000	chr4	67000000	73500000	255,255,0	1.4039268694394842	0.023596004300126237	0.061597678468672756	0.5	0.8846153846153846
chr4	48000000	52500000	chr4	48000000	52500000	255,255,0	1.359356287799346	0.03560025119148967	0.0489323034441914	0.7666666666666667	0.7
chr4	10250000	15750000	chr4	10250000	15750000	255,255,0	1.54205636991782	0.05798709749241371	0.023919053211503068	0.8257575757575758	0.7954545454545454
chr4	158500000	162250000	chr4	158500000	162250000	255,255,0	1.1370951956144917	0.05311907133952529	0.02371238274730269	0.671875	0.546875
chr4	96750000	101750000	chr4	96750000	101750000	255,255,0	1.5057057217701726	0.04029288403062528	0.03443239609350557	0.7727272727272727	0.8090909090909091
chr4	27000000	31000000	chr4	27000000	31000000	255,255,0	1.2585100673356076	0.056916462507621654	0.016007465426636648	0.7083333333333334	0.625
chr4	143750000	154250000	chr4	143750000	154250000	255,255,0	0.8971671583693674	0.02518218364349237	0.03999489778876078	0.5043290043290043	0.6082251082251082
chr4	102500000	105500000	chr4	102500000	105500000	255,255,0	0.8737413313113762	0.04458427871210953	0.018058460580570423	0.5	0.5
chr4	147500000	154250000	chr4	147500000	154250000	255,255,0	1.2164362127210242	0.01531246178595829	0.046262545476356165	0.6071428571428571	0.8010204081632653
chr4	131250000	142000000	chr4	131250000	142000000	255,255,0	1.0712739985963868	0.034527403910394425	0.02616046733711695	0.7172716982893417	0.5739486335737123
chr4	162500000	167000000	chr4	162500000	167000000	255,255,0	0.9827557847542976	0.03110028859182854	0.021156323846471738	0.5234375	0.6480902777777777
chr4	18000000	24500000	chr4	18000000	24500000	255,255,0	1.0243001152717315	0.03372117838198241	0.01819666749807954	0.6208791208791209	0.6648351648351648
chr4	125250000	130750000	chr4	125250000	130750000	255,255,0	1.4709160412062838	0.027741262047461926	0.02255277656873269	0.7954545454545454	0.8409090909090909
chr4	116500000	121500000	chr4	116500000	121500000	255,255,0	1.2527467314235097	0.021807806868933403	0.02654501826719098	0.7727272727272727	0.7181818181818181
chr4	111750000	115750000	chr4	111750000	115750000	255,255,0	0.9324397415615501	0.023410734573402144	0.020402171460215383	0.5694444444444444	0.5694444444444444
chr4	169000000	173000000	chr4	169000000	173000000	255,255,0	1.1650609763819775	0.024736125791152547	0.018842297484582427	0.6527777777777778	0.7083333333333334
chr4	157750000	167000000	chr4	157750000	167000000	255,255,0	1.0650001804826306	0.02658920845044723	0.014422655888091614	0.7479224376731302	0.5761772853185596
chr4	102250000	110750000	chr4	102250000	110750000	255,255,0	0.8515159203448395	0.018657141567910505	0.015094872662681658	0.6152390780873753	0.5029239766081872
chr4	181500000	186750000	chr4	181500000	186750000	255,255,0	1.0838340030672975	0.01077058558948729	0.017798346647480305	0.6628787878787878	0.6553030303030303
chr5	122500000	126500000	chr5	122500000	126500000	255,255,0	1.2623940899033008	0.10117243306044732	0.09493354934176032	0.5138888888888888	0.7083333333333334
chr5	132750000	140750000	chr5	132750000	140750000	255,255,0	1.465698275886584	0.07222365572767565	0.06550629372609566	0.6727941176470589	0.7022058823529411
chr5	143000000	146000000	chr5	143000000	146000000	255,255,0	1.0229432246962744	0.10476335206302416	0.024910888755100835	0.5	0.5
chr5	48750000	58500000	chr5	48750000	58500000	255,255,0	1.2170270652895543	0.018875579990910725	0.10372160010113494	0.7825	0.6275
chr5	115250000	119000000	chr5	115250000	119000000	255,255,0	1.1198474992750804	0.08156769072705024	0.03480598588312186	0.6216517857142857	0.5387436224489797
chr5	160750000	163750000	chr5	160750000	163750000	255,255,0	1.039371552256283	0.06412333041480509	0.04322036871697635	0.5	0.5
chr5	28250000	33250000	chr5	28250000	33250000	255,255,0	1.626819962418087	0.04014985957499538	0.0647063354386486	0.7727272727272727	0.7545454545454545
chr5	127250000	131750000	chr5	127250000	131750000	255,255,0	1.5096171771174571	0.03382871109959195	0.06954700768248863	0.7222222222222222	0.7333333333333333
chr5	152000000	157500000	chr5	152000000	157500000	255,255,0	1.0285295833743469	0.08203171462719601	0.018167002531806996	0.6590909090909091	0.5227272727272727
chr5	164000000	168500000	chr5	164000000	168500000	255,255,0	1.7046573907110434	0.03216673531748959	0.06613110017257395	0.7666666666666667	0.7666666666666667
chr5	44750000	48250000	chr5	44750000	48250000	255,255,0	1.2603455002939048	0.054932850258128246	0.03951461141534996	0.625	0.625
chr5	142750000	149250000	chr5	142750000	149250000	255,255,0	1.5119140774503181	0.05158354006762145	0.0367705539153021	0.8626373626373627	0.532967032967033
chr5	24750000	28000000	chr5	24750000	28000000	255,255,0	1.0694874739018814	0.03453609369227356	0.03644744353436212	0.5714285714285714	0.5306122448979592
chr5	115250000	122000000	chr5	115250000	122000000	255,255,0	1.14615644460725	0.04143759090261558	0.026223180429439573	0.6479591836734694	0.6887755102040817
chr5	172750000	176750000	chr5	172750000	176750000	255,255,0	1.2044069509717583	0.01985150988207045	0.04765044692772503	0.7083333333333334	0.6111111111111112
chr5	98500000	101750000	chr5	98500000	101750000	255,255,0	1.054818071141948	0.023319170737661373	0.03362439234227754	0.5714285714285714	0.5714285714285714
chr5	20000000	24500000	chr5	20000000	24500000	255,255,0	1.3680204073286584	0.032887999624693603	0.023812446673717867	0.7444444444444445	0.7
chr5	102500000	107500000	chr5	102500000	107500000	255,255,0	1.5953404922922743	0.03318344775435697	0.020544036824844937	0.8090909090909091	0.8090909090909091
chr5	11000000	14750000	chr5	11000000	14750000	255,255,0	1.018738613193256	0.017303474409121423	0.029894276475149667	0.671875	0.515625
chr5	35000000	43500000	chr5	35000000	43500000	255,255,0	1.5255188358974565	0.022686603913570608	0.021328619950314348	0.8856209150326797	0.826797385620915
chr5	90750000	95750000	chr5	90750000	95750000	255,255,0	1.120321168240976	0.017605658689300144	0.020929573559973005	0.7363636363636363	0.6454545454545455
chr5	83000000	90000000	chr5	83000000	90000000	255,255,0	1.3824131443680234	0.022303173077258216	0.015201419055371226	0.8333333333333334	0.7857142857142857
chr5	6750000	10500000	chr5	6750000	10500000	255,255,0	0.9084763321581295	0.013549905680292275	0.017638875003938834	0.515625	0.578125
chr6	53500000	57500000	chr6	53500000	57500000	255,255,0	1.2555034472005644	0.028135169069186255	0.1717325557019722	0.6805555555555556	0.6527777777777778
chr6	36250000	44500000	chr6	36250000	44500000	255,255,0	1.0188691704313069	0.09494646508106598	0.06677825340666904	0.532871972318339	0.7197231833910035
chr6	165500000	170250000	chr6	165500000	170250000	255,255,0	1.7209916850627607	0.06310443318201286	0.08648831667589149	0.79	0.71
chr6	13500000	17000000	chr6	13500000	17000000	255,255,0	1.0383225771877926	0.06424922425525147	0.06920461579973176	0.5535714285714286	0.5178571428571429
chr6	18500000	25250000	chr6	18500000	25250000	255,255,0	1.8421084177076181	0.06676349555306264	0.06596941256962546	0.7704081632653061	0.8724489795918368
chr6	115750000	120000000	chr6	115750000	120000000	255,255,0	1.516843203306479	0.07728518859402628	0.049185384795628034	0.7160493827160493	0.7407407407407407
chr6	103000000	108000000	chr6	103000000	108000000	255,255,0	1.7206912877980602	0.04251720714858806	0.06136955681009598	0.8090909090909091	0.8090909090909091
chr6	99750000	102750000	chr6	99750000	102750000	255,255,0	0.9156293097754559	0.034066964066242565	0.06805910277561653	0.5	0.5
chr6	155500000	160750000	chr6	155500000	160750000	255,255,0	1.0869119555966327	0.03182175064312237	0.06516573670987477	0.5950413223140496	0.5454545454545454
chr6	26250000	29750000	chr6	26250000	29750000	255,255,0	1.1002065218347423	0.05631493030393339	0.03721021692796729	0.625	0.5535714285714286
chr6	47000000	51000000	chr6	47000000	51000000	255,255,0	0.9667738488833495	0.0639287221240468	0.029184668787875304	0.5416666666666666	0.5138888888888888
chr6	142750000	146250000	chr6	142750000	146250000	255,255,0	1.2115016892430872	0.05267483303428867	0.0366177596494622	0.625	0.625
chr6	37750000	41500000	chr6	37750000	41500000	255,255,0	1.1817464446428225	0.02735263290623658	0.0583197111038272	0.671875	0.640625
chr6	93250000	98500000	chr6	93250000	98500000	255,255,0	1.4661717112144175	0.047744220283053834	0.020334218755751778	0.8264462809917356	0.7272727272727273
chr6	78500000	82500000	chr6	78500000	82500000	255,255,0	1.2598202375975627	0.030186479899737467	0.02846820364859836	0.6805555555555556	0.7083333333333334
chr6	68000000	72750000	chr6	68000000	72750000	255,255,0	1.2322423461039043	0.03508231615298463	0.021372013404358167	0.63	0.79
chr6	82750000	86000000	chr6	82750000	86000000	255,255,0	0.949593874535921	0.0274093793177208	0.027177602320167436	0.5306122448979592	0.5714285714285714
chr6	122500000	126000000	chr6	122500000	126000000	255,255,0	1.0005715526256775	0.021312239324764656	0.02654914683503153	0.5535714285714286	0.625
chr6	136500000	140000000	chr6	136500000	140000000	255,255,0	0.9691026715587943	0.017124602900816757	0.019674319840555413	0.5535714285714286	0.625
chr6	126250000	131000000	chr6	126250000	131000000	255,255,0	0.8303975744454586	0.011733026711677773	0.0120567664714164	0.53	0.53
chr7	80250000	100500000	chr7	80250000	100500000	255,255,0	0.4439943382043111	0.384332711976496	0.21776182723191734	0.5306365258774539	0.44199881023200477
chr7	49250000	54750000	chr7	49250000	54750000	255,255,0	1.5977955714982621	0.07489431150440416	0.11189880491166368	0.5928282828282828	0.7981313131313131
chr7	139500000	143750000	chr7	139500000	143750000	255,255,0	1.0623672813283949	0.04917560203856431	0.11859091373039204	0.5802469135802469	0.5061728395061729
chr7	128000000	132000000	chr7	128000000	132000000	255,255,0	1.20401773497023	0.04833734723887526	0.1109015285709816	0.5277777777777778	0.6388888888888888
chr7	135500000	139250000	chr7	135500000	139250000	255,255,0	1.2236061028923044	0.09065484055301479	0.05658348859831491	0.65625	0.59375
chr7	39000000	43250000	chr7	39000000	43250000	255,255,0	1.4840640014857402	0.03223883414830283	0.09116997211046746	0.7160493827160493	0.7407407407407407
chr7	118000000	121750000	chr7	118000000	121750000	255,255,0	0.8958170390396231	0.035867709278435064	0.05910108413406573	0.5	0.5
chr7	24000000	29000000	chr7	24000000	29000000	255,255,0	1.0813947343849042	0.0388248010681785	0.03388245433772086	0.6	0.6
chrX	31500000	38000000	chrX	31500000	38000000	255,255,0	1.2467739504774131	0.12026120590203335	0.04802190520311411	0.6043956043956044	0.7857142857142857
chrX	94750000	100000000	chrX	94750000	100000000	255,255,0	1.6157133794966907	0.09352733097860742	0.05199984536580052	0.743801652892562	0.7933884297520661
chrX	48500000	52500000	chrX	48500000	52500000	255,255,0	1.0090097878524302	0.10025125213040363	0.028109370888641218	0.5577777777777778	0.5208333333333333
chrX	103250000	115750000	chrX	103250000	115750000	255,255,0	0.7687244707732657	0.09056711723486599	0.022524925850624593	0.5984615384615385	0.5107692307692308
chrX	119500000	129000000	chrX	119500000	129000000	255,255,0	1.465317354671207	0.0473904010341331	0.05492154540231242	0.7973684210526316	0.8157894736842105
chrX	119750000	123250000	chrX	119750000	123250000	255,255,0	1.2254081905275749	0.05888374648974662	0.035352377514406313	0.625	0.625
chrX	74000000	84000000	chrX	74000000	84000000	255,255,0	1.3162486481443412	0.013390799859515513	0.07462675106470158	0.7214285714285714	0.8023809523809524
chrX	80000000	84000000	chrX	80000000	84000000	255,255,0	1.1232740927378606	0.020779800808698883	0.05573563814897049	0.5833333333333334	0.6527777777777778
chrX	123750000	129000000	chrX	123750000	129000000	255,255,0	1.2498281974087995	0.012805522729732306	0.0627036376648598	0.6446280991735537	0.71900826446281
chrX	111500000	117750000	chrX	111500000	117750000	255,255,0	0.893712868178238	0.028635862852932348	0.03972923169218981	0.6094674556213018	0.6390532544378699
chrX	20250000	23500000	chrX	20250000	23500000	255,255,0	0.8982318861946584	0.022338951298122942	0.03265642410183736	0.5306122448979592	0.5102040816326531
chrX	129500000	135000000	chrX	129500000	135000000	255,255,0	1.0180918682962201	0.016462002270859165	0.028243805262226647	0.6590909090909091	0.6136363636363636
chrX	11500000	15250000	chrX	11500000	15250000	255,255,0	1.0414425699312144	0.021139472879337484	0.01919176311780455	0.546875	0.640625
chr8	38500000	41500000	chr8	38500000	41500000	255,255,0	1.021002728697038	0.05875787780747099	0.13571939240087133	0.5	0.5
chr8	48750000	53250000	chr8	48750000	53250000	255,255,0	1.5148729025055823	0.14791797435968462	0.03649325388612282	0.7666666666666667	0.7
chr8	92500000	96000000	chr8	92500000	96000000	255,255,0	1.2068285669842238	0.06652570871783765	0.09108092885134196	0.625	0.5892857142857143
chr8	7250000	11250000	chr8	7250000	11250000	255,255,0	1.4377012765875097	0.035872865641317656	0.0965002558093977	0.6805555555555556	0.7083333333333334
chr8	11750000	16750000	chr8	11750000	16750000	255,255,0	1.7072430667143579	0.0921837181979056	0.03877542852028487	0.7909090909090909	0.8090909090909091
chr8	127000000	142000000	chr8	127000000	142000000	255,255,0	1.1550796727431611	0.029265200289472545	0.07313678695588066	0.6526881720430108	0.641156462585034
chr8	136500000	141500000	chr8	136500000	141500000	255,255,0	1.3690643564612777	0.030020267797294678	0.07125485544629817	0.5952380952380952	0.784775641025641
chr8	127500000	132250000	chr8	127500000	132250000	255,255,0	1.3664597144000905	0.03963035534392047	0.051625215191444966	0.79	0.71
chr8	122000000	125500000	chr8	122000000	125500000	255,255,0	1.0338693802578063	0.033733751236660246	0.05399757073250411	0.5535714285714286	0.5535714285714286
chr8	75500000	80000000	chr8	75500000	80000000	255,255,0	1.3924362050447483	0.04533588267372152	0.03909844990403116	0.7666666666666667	0.7222222222222222
chr8	88000000	91750000	chr8	88000000	91750000	255,255,0	1.2192364323796527	0.039213139413511566	0.039858630576864264	0.671875	0.671875
chr8	106500000	110750000	chr8	106500000	110750000	255,255,0	1.1598086470541211	0.06430742552552303	0.009173423564744331	0.6419753086419753	0.6666666666666666
chr8	30500000	37250000	chr8	30500000	37250000	255,255,0	1.4981855134333026	0.02560555183423642	0.047003767102994726	0.8520408163265306	0.7704081632653061
chr8	83000000	87500000	chr8	83000000	87500000	255,255,0	1.1180940231322363	0.04567529752755177	0.023454610779344763	0.5458333333333334	0.726388888888889
chr8	22250000	26500000	chr8	22250000	26500000	255,255,0	1.3253179946863474	0.032404382288947986	0.02427780796068891	0.7407407407407407	0.7160493827160493
chr8	96500000	102250000	chr8	96500000	102250000	255,255,0	1.0561735338246212	0.020925958333170437	0.03345515886677607	0.5208333333333334	0.7152777777777778
chr8	75250000	92500000	chr8	75250000	92500000	255,255,0	0.8607250193392416	0.022123128508308623	0.026870633385930685	0.5404081632653062	0.5420408163265306
chr8	111000000	115750000	chr8	111000000	115750000	255,255,0	0.8074029345717637	0.015641709595753304	0.027696036674696195	0.53	0.51
chr12	44000000	49750000	chr12	44000000	49750000	255,255,0	1.4737352903231027	0.03964016976707134	0.1568381000813834	0.8263888888888888	0.6597222222222222
chr12	128500000	132750000	chr12	128500000	132750000	255,255,0	1.443053029632554	0.11316105356865719	0.07402972158932311	0.7407407407407407	0.5308641975308642
chr12	87500000	90500000	chr12	87500000	90500000	255,255,0	0.9776826511603256	0.07371386546292447	0.06277501539472788	0.5	0.5
chr12	32500000	42000000	chr12	32500000	42000000	255,255,0	1.3584294075037588	0.066105927812437	0.05410559397237467	0.6921052631578948	0.7342105263157894
chr12	35750000	42000000	chr12	35750000	42000000	255,255,0	0.8877779571400519	0.0600678505560892	0.05973974300503761	0.5088757396449705	0.5207100591715976
chr12	26000000	31750000	chr12	26000000	31750000	255,255,0	1.8587991556826124	0.04385412691453268	0.07352889426118925	0.7847222222222222	0.8541666666666666
chr12	116500000	120000000	chr12	116500000	120000000	255,255,0	1.27465594078719	0.06761192464207144	0.04447231367541024	0.625	0.625
chr12	15250000	31750000	chr12	15250000	31750000	255,255,0	1.6434500035059252	0.048777792853827086	0.05106412291932133	0.6408199643493762	0.9224598930481284
chr12	84000000	87250000	chr12	84000000	87250000	255,255,0	0.921620000627361	0.03824558250061577	0.042499992343029314	0.5306122448979592	0.5306122448979592
chr12	115500000	122750000	chr12	115500000	122750000	255,255,0	1.19974919426477	0.03651417268855765	0.041358451395342194	0.7555555555555555	0.6044444444444445
chr12	59500000	63500000	chr12	59500000	63500000	255,255,0	1.2453733024903124	0.0507282098113183	0.0264970867860959	0.6805555555555556	0.6805555555555556
chr12	111500000	123000000	chr12	111500000	123000000	255,255,0	1.0840203486458901	0.04238324280606245	0.030027905671456002	0.5561594202898551	0.7010869565217391
chr12	103750000	106750000	chr12	103750000	106750000	255,255,0	0.8828417200273827	0.025899002716012767	0.03827356754230443	0.5	0.5
chr12	98500000	106750000	chr12	98500000	106750000	255,255,0	1.2129366102719932	0.029199656990606417	0.030230133251813708	0.5605536332179931	0.8304498269896193
chr12	123250000	127250000	chr12	123250000	127250000	255,255,0	0.9760363507698966	0.017399239677984325	0.04051130483083157	0.5972222222222222	0.5694444444444444
chr12	65500000	69250000	chr12	65500000	69250000	255,255,0	1.0180970269493979	0.027966516800144236	0.028856728437786857	0.578125	0.609375
chr12	10000000	13500000	chr12	10000000	13500000	255,255,0	0.9860876106479944	0.028223498091583796	0.02377601896556688	0.625	0.5178571428571429
chr12	107000000	110750000	chr12	107000000	110750000	255,255,0	1.0097081113692932	0.02222443643173614	0.019015873138068993	0.515625	0.671875
chr12	15750000	22000000	chr12	15750000	22000000	255,255,0	1.1745453963971642	0.019102880321906993	0.014803580204685578	0.6982248520710059	0.7455621301775148
