chr1	x1	x2	chr2	y1	y2	color	score	uVarScore	lVarScore	upSign	loSign
chr10	51000000	68500000	chr10	51000000	68500000	255,255,0	1.7907327942174367	0.09399874049305484	0.05580971184327749	0.8858024691358025	0.75
chr10	51000000	63000000	chr10	51000000	63000000	255,255,0	1.48436322664233	0.08257722145668217	0.04027479104886164	0.8397435897435898	0.5961538461538461
chr10	105500000	118500000	chr10	105500000	118500000	255,255,0	1.5919341168252785	0.057051487939640794	0.04515651412662489	0.8516483516483516	0.6648351648351648
chr10	81500000	92500000	chr10	81500000	92500000	255,255,0	1.3679348495631884	0.04975605406365077	0.03796325594358937	0.7651515151515151	0.5984848484848485
chr10	95000000	104500000	chr10	95000000	104500000	255,255,0	1.0718672210841471	0.01974318377113296	0.06767460053108859	0.59	0.55
chr10	16500000	26500000	chr10	16500000	26500000	255,255,0	1.0796864260375085	0.014660481456079115	0.007124017736519599	0.7727272727272727	0.5727272727272728
chr11	79500000	111000000	chr11	79500000	111000000	255,255,0	1.699427322954016	0.0645248969743362	0.0612330029121418	0.8874057412458667	0.5014754295326205
chr11	34500000	44000000	chr11	34500000	44000000	255,255,0	1.7438173063172133	0.032778413529159944	0.09216752450337107	0.75	0.77
chr11	95000000	101000000	chr11	95000000	101000000	255,255,0	0.9724412650740624	0.028978595482148893	0.0204629473220557	0.5	0.5
chr11	20000000	31500000	chr11	20000000	31500000	255,255,0	1.3252512387471778	0.028359316815664358	0.017655144946579025	0.6875	0.7430555555555556
chr2B	26500000	40500000	chr2B	26500000	40500000	255,255,0	1.4482927160735923	0.14028322134036766	0.011399046177009067	0.7285714285714285	0.7095238095238096
chr2B	110500000	121500000	chr2B	110500000	121500000	255,255,0	1.8680012356496503	0.016516073708666368	0.045782390665325634	0.7348484848484849	0.7954545454545454
chr2B	42500000	57500000	chr2B	42500000	57500000	255,255,0	1.2561197963333575	0.019519659241057356	0.032755224622541615	0.5625	0.6541666666666667
chr2B	80000000	87000000	chr2B	80000000	87000000	255,255,0	1.2219285369064392	0.019586927370422395	0.018013884308113404	0.625	0.5892857142857143
chr9	46500000	63000000	chr9	46500000	63000000	255,255,0	1.7541138655953188	0.1307734930860919	0.03860862474803478	0.9065743944636678	0.9273356401384083
chr9	76500000	100500000	chr9	76500000	100500000	255,255,0	1.1542025416406703	0.035043041152904346	0.08838438955389614	0.7883333333333333	0.667910447761194
chr9	64000000	76000000	chr9	64000000	76000000	255,255,0	1.3181577403226135	0.07723769404061187	0.031398592795568246	0.8269230769230769	0.6987179487179487
chr9	92500000	99000000	chr9	92500000	99000000	255,255,0	0.8411668058554762	0.03168062696045988	0.04741637431989761	0.5714285714285714	0.5306122448979592
chr9	77000000	86500000	chr9	77000000	86500000	255,255,0	1.0713422787114897	0.038854468476352835	0.01790874635203922	0.79	0.59
chr2A	76500000	86500000	chr2A	76500000	86500000	255,255,0	1.6460225032571174	0.04423493840703517	0.1303746106396601	0.7727272727272727	0.8090909090909091
chr2A	33000000	43000000	chr2A	33000000	43000000	255,255,0	0.9923745145420337	0.05446719704295127	0.06968870115716777	0.6090909090909091	0.5
chr2A	11500000	21500000	chr2A	11500000	21500000	255,255,0	0.8215463872766327	0.042956113976924185	0.04752413877166865	0.5	0.5
chr2A	49500000	61500000	chr2A	49500000	61500000	255,255,0	1.2257239702815825	0.041711250868453495	0.03881653915395299	0.6089743589743589	0.7371794871794872
chr2A	63500000	71000000	chr2A	63500000	71000000	255,255,0	0.9382707211642554	0.03071321410053564	0.02862765176998829	0.578125	0.546875
chr13	16000000	31000000	chr13	16000000	31000000	255,255,0	1.0286579500479798	0.011232575242381297	0.03654726774442103	0.5333333333333333	0.5458333333333333
chr13	45500000	53000000	chr13	45500000	53000000	255,255,0	1.2202815024253386	0.018325625724701717	0.02065273195153393	0.546875	0.640625
chr13	38000000	55000000	chr13	38000000	55000000	255,255,0	1.646208412530709	0.03024737586243445	0.0083904211622918	0.8725490196078431	0.5
chr13	16000000	25500000	chr13	16000000	25500000	255,255,0	1.468815857980358	0.009763969613315361	0.010109827571368557	0.69	0.75
chr14	62500000	73500000	chr14	62500000	73500000	255,255,0	1.6069248103179878	0.043918132319824665	0.038802191535473055	0.8257575757575758	0.8409090909090909
chr14	21000000	33000000	chr14	21000000	33000000	255,255,0	1.090203552351862	0.025980705527182558	0.02443368598658432	0.6987179487179487	0.7628205128205128
chr15	12000000	20000000	chr15	12000000	20000000	255,255,0	1.5443893726428926	0.03827536526228179	0.04318284815263346	0.6805555555555556	0.7083333333333334
chr15	25500000	37000000	chr15	25500000	37000000	255,255,0	1.607560638387238	0.04106968866687518	0.03789995090306199	0.7986111111111112	0.7013888888888888
chr15	46000000	55000000	chr15	46000000	55000000	255,255,0	1.286849266023074	0.013997402683716964	0.018489326258170694	0.7	0.6111111111111112
chr17	19500000	28500000	chr17	19500000	28500000	255,255,0	1.5014538720957424	0.012731402516488393	0.18237870168874398	0.6111111111111112	0.6777777777777778
chr17	64500000	73500000	chr17	64500000	73500000	255,255,0	1.2110012987300958	0.04027358678366057	0.0683726336546278	0.5	0.5888888888888889
chr16	37000000	47000000	chr16	37000000	47000000	255,255,0	1.6630738779183267	0.16917779984104098	0.023427097347385635	0.7	0.7363636363636363
chr16	49000000	57000000	chr16	49000000	57000000	255,255,0	1.5799482656116348	0.037452446659388586	0.0751291015848749	0.6527777777777778	0.6805555555555556
chr1	95000000	108500000	chr1	95000000	108500000	255,255,0	1.2726466277567174	0.022031655387492084	0.169945910364523	0.6071428571428571	0.7653061224489796
chr1	101000000	108500000	chr1	101000000	108500000	255,255,0	1.1135618696335872	0.004688648596289353	0.18366732924992246	0.515625	0.640625
chr1	185500000	201500000	chr1	185500000	201500000	255,255,0	1.3365480215885692	0.03531072940547757	0.04302502100757591	0.6433823529411765	0.8419117647058824
chr1	163000000	178000000	chr1	163000000	178000000	255,255,0	1.5275682936146393	0.015061185678654651	0.05975098758353502	0.8791666666666667	0.7708333333333334
chr1	192000000	201500000	chr1	192000000	201500000	255,255,0	1.2614489908801805	0.022061659329601486	0.046519741306293494	0.59	0.77
chr1	65500000	75500000	chr1	65500000	75500000	255,255,0	1.1135171454338861	0.025019023866674404	0.011617261182473264	0.6636363636363637	0.7181818181818181
chr1	78000000	86500000	chr1	78000000	86500000	255,255,0	1.1140866528202855	0.009150417589534597	0.021025868506834557	0.6666666666666666	0.7160493827160493
chr18	24000000	42000000	chr18	24000000	42000000	255,255,0	1.0346469053690972	0.027197130245785288	0.039407636987142926	0.5584795321637427	0.5058479532163743
chr18	33500000	41500000	chr18	33500000	41500000	255,255,0	1.480861381374159	0.024570037558794163	0.04046707534579516	0.5972222222222222	0.6527777777777778
chr18	23500000	31500000	chr18	23500000	31500000	255,255,0	1.4902484388403525	0.02440749212825899	0.011968684226867532	0.7083333333333334	0.5694444444444444
chr19	13000000	20000000	chr19	13000000	20000000	255,255,0	1.7103030571462887	0.028183400224613693	0.09217247419044804	0.5535714285714286	0.625
chr19	37000000	47500000	chr19	37000000	47500000	255,255,0	1.3608425245497904	0.0897293615353158	0.027268725406734765	0.5034722222222222	0.5433080808080808
chr3	80500000	88500000	chr3	80500000	88500000	255,255,0	1.4846096957470483	0.021825446088459582	0.14124360759474203	0.7083333333333334	0.625
chr3	176500000	184000000	chr3	176500000	184000000	255,255,0	1.4787836480564556	0.036298961643408845	0.04813355742693373	0.640625	0.609375
chr3	18500000	31500000	chr3	18500000	31500000	255,255,0	1.3967214291116807	0.05096661457691142	0.017129689442101095	0.6716727716727717	0.5166056166056165
chr3	116000000	125000000	chr3	116000000	125000000	255,255,0	1.4840967771992917	0.017121264533165412	0.03319260888828536	0.5	0.7666666666666667
chr3	104000000	111000000	chr3	104000000	111000000	255,255,0	1.300345546762429	0.018040286367996344	0.023731107295369425	0.5892857142857143	0.5892857142857143
chr3	133500000	144500000	chr3	133500000	144500000	255,255,0	1.3693325387283297	0.014791779986236313	0.018624022043567143	0.7803030303030303	0.5378787878787878
chr4	55000000	73000000	chr4	55000000	73000000	255,255,0	1.648090585971633	0.015027907127053973	0.11017163974068539	0.6052631578947368	0.7807017543859649
chr4	131500000	141500000	chr4	131500000	141500000	255,255,0	1.1568646918066456	0.0288941836377635	0.015774796908901385	0.5564236111111112	0.5581597222222222
chr4	147000000	154000000	chr4	147000000	154000000	255,255,0	1.1528326903417683	0.011558905940639571	0.023824569648962637	0.5535714285714286	0.5535714285714286
chr4	179500000	186500000	chr4	179500000	186500000	255,255,0	1.2524401444045135	0.0056127283461490755	0.025669442700177958	0.625	0.5535714285714286
chr5	48500000	58500000	chr5	48500000	58500000	255,255,0	1.249624999840302	0.015026976789521366	0.11694841896591114	0.7363636363636363	0.5
chr5	132500000	140500000	chr5	132500000	140500000	255,255,0	1.6102507898623417	0.06641644050229412	0.05928032782039816	0.5694444444444444	0.6805555555555556
chr5	34500000	44000000	chr5	34500000	44000000	255,255,0	1.57552371257061	0.0263879108531236	0.021344045437158586	0.77	0.67
chr5	83000000	90000000	chr5	83000000	90000000	255,255,0	1.1844355020691644	0.016931939206812043	0.008158861157127249	0.5892857142857143	0.5892857142857143
chr5	101500000	111000000	chr5	101500000	111000000	255,255,0	1.1382285040587814	0.01455061055179282	0.009246868064348056	0.61	0.55
chr6	66000000	73500000	chr6	66000000	73500000	255,255,0	1.099873551482824	0.17352203961556062	0.01102843356981878	0.546875	0.578125
chr6	18500000	25500000	chr6	18500000	25500000	255,255,0	1.5798732369885122	0.06894400514258547	0.09326234156911507	0.625	0.625
chr6	29000000	44500000	chr6	29000000	44500000	255,255,0	1.433315695053448	0.05248465150909584	0.0577638409571707	0.70703125	0.55078125
chr6	36500000	44500000	chr6	36500000	44500000	255,255,0	1.5027031398911124	0.02106138425836375	0.05372947787532556	0.6805555555555556	0.6527777777777778
chr6	76000000	87000000	chr6	76000000	87000000	255,255,0	1.0195376254992465	0.007779931520163754	0.0062640876818411935	0.5075757575757576	0.6136363636363636
chr7	111500000	131500000	chr7	111500000	131500000	255,255,0	1.5992736539393206	0.11587832720317676	0.07443893790018531	0.7071428571428572	0.569047619047619
chr7	47500000	54500000	chr7	47500000	54500000	255,255,0	1.6961905514438458	0.03148633956142595	0.1442797273018002	0.5675	0.6496428571428572
chr7	32000000	43000000	chr7	32000000	43000000	255,255,0	1.278766838808936	0.02396180297630336	0.03132520081830117	0.6439393939393939	0.5833333333333334
chrX	94500000	117500000	chrX	94500000	117500000	255,255,0	1.1046122709190616	0.05623388155951773	0.025998338621936463	0.644927536231884	0.5271739130434783
chrX	119500000	129000000	chrX	119500000	129000000	255,255,0	1.271782157611521	0.02338730187390232	0.03288776696370681	0.61	0.64
chrX	74000000	84500000	chrX	74000000	84500000	255,255,0	1.5172455104845564	0.01268756683858998	0.03609336874046593	0.6611570247933884	0.8264462809917356
chrX	101500000	115500000	chrX	101500000	115500000	255,255,0	1.1833190181171023	0.030697613302047767	0.015899853913616393	0.7285714285714285	0.5380952380952381
chr8	11500000	18500000	chr8	11500000	18500000	255,255,0	1.6585433343557976	0.06747429325129742	0.029708120234362846	0.625	0.5535714285714286
chr8	75000000	92500000	chr8	75000000	92500000	255,255,0	1.2840674121331697	0.015188522935400026	0.02083046455307797	0.558641975308642	0.5648148148148148
chr8	19500000	27000000	chr8	19500000	27000000	255,255,0	1.2213800410034346	0.01894113457174945	0.015475812933904112	0.515625	0.515625
chr12	42500000	106500000	chr12	42500000	106500000	255,255,0	0.6583797606014379	0.05677224908499614	0.13415360814086852	0.4048076923076923	0.4769585253456221
chr12	65000000	96000000	chr12	65000000	96000000	255,255,0	0.8584445150571137	0.11521633935226407	0.05777964644220175	0.4022177419354839	0.44455645161290325
chr12	32500000	42000000	chr12	32500000	42000000	255,255,0	1.591447547139751	0.05467916887022713	0.04235629315782486	0.67	0.75
chr12	14000000	31500000	chr12	14000000	31500000	255,255,0	1.775200561888655	0.0411075296860455	0.050908794463953716	0.5277777777777778	0.8796296296296297
chr12	111500000	124500000	chr12	111500000	124500000	255,255,0	1.3035031504010073	0.04978684966874304	0.029157985529901898	0.5879120879120879	0.6538461538461539
