chr1	x1	x2	chr2	y1	y2	color	score	uVarScore	lVarScore	upSign	loSign
chr11	47500000	56500000	chr11	47500000	56500000	255,255,0	1.2729801453201026	0.07159757568813188	0.1082621710109534	0.8742690058479532	0.6637426900584795
chr11	40000000	43000000	chr11	40000000	43000000	255,255,0	0.7280165927232082	0.015556082987651538	0.13148945410308388	0.5	0.5
chr11	75250000	103250000	chr11	75250000	103250000	255,255,0	1.2422929214862164	0.06890346880501691	0.06627032148140721	0.8787593984962406	0.5004700720777185
chr11	36250000	39750000	chr11	36250000	39750000	255,255,0	1.079013439205537	0.09695495752110134	0.027094822553100917	0.625	0.625
chr11	74000000	107000000	chr11	74000000	107000000	255,255,0	1.3492000955026198	0.05483769895600593	0.06908755709957594	0.9405246494798734	0.5022058823529412
chr11	75750000	89250000	chr11	75750000	89250000	255,255,0	0.8569651338969377	0.09903029549420811	0.02378317978690496	0.6547619047619048	0.503968253968254
chr11	22000000	26000000	chr11	22000000	26000000	255,255,0	1.0850862007066207	0.05546305279152486	0.0431069020526927	0.625	0.6805555555555556
chr11	36000000	43250000	chr11	36000000	43250000	255,255,0	1.7533403244392924	0.04347546695912245	0.04752551587560605	0.8711111111111111	0.9066666666666666
chr11	51750000	56500000	chr11	51750000	56500000	255,255,0	1.2356386555869197	0.04072635912214865	0.048700449995152634	0.65	0.79
chr11	13250000	17500000	chr11	13250000	17500000	255,255,0	0.7855779936733238	0.027062676451435858	0.04456086105357703	0.5185185185185185	0.5185185185185185
chr11	26500000	30500000	chr11	26500000	30500000	255,255,0	0.9293566260707362	0.028309690620174566	0.04174985185193194	0.5138888888888888	0.6527777777777778
chr11	108000000	112250000	chr11	108000000	112250000	255,255,0	1.0945394318561763	0.025151310829202713	0.04002503900075608	0.6666666666666666	0.7407407407407407
chr11	122000000	125500000	chr11	122000000	125500000	255,255,0	0.9133322690409836	0.040358760548929874	0.022430996418498474	0.625	0.5535714285714286
chr11	90750000	96500000	chr11	90750000	96500000	255,255,0	1.3877626952503896	0.03192616130372107	0.02900477162693682	0.8541666666666666	0.7847222222222222
chr11	98500000	107250000	chr11	98500000	107250000	255,255,0	1.0560274276530293	0.020394194231042516	0.03733061752641051	0.5092592592592593	0.8302469135802469
chr11	20000000	31250000	chr11	20000000	31250000	255,255,0	1.2395140403391502	0.029505676402605895	0.022377224933562763	0.8090737240075614	0.7939508506616257
chr11	98750000	103000000	chr11	98750000	103000000	255,255,0	1.1305949825613493	0.0285521975607525	0.02210829709191605	0.7407407407407407	0.7160493827160493
chr11	85750000	89250000	chr11	85750000	89250000	255,255,0	0.8578972704695155	0.01424300553668082	0.03524828161840302	0.5178571428571429	0.625
chr11	103750000	107250000	chr11	103750000	107250000	255,255,0	0.777857035063495	0.019623070966879635	0.02787182669177703	0.5178571428571429	0.5535714285714286
chr10	76000000	87500000	chr10	76000000	87500000	255,255,0	1.0300309145178344	0.09771406225478438	0.06700147719408396	0.7880434782608695	0.6829710144927537
chr10	58250000	63750000	chr10	58250000	63750000	255,255,0	1.5595882697800911	0.05178048389445876	0.0843435361882085	0.7954545454545454	0.8409090909090909
chr10	76000000	79750000	chr10	76000000	79750000	255,255,0	0.9556711683865036	0.08806889554854255	0.04475185637322544	0.671875	0.546875
chr10	100250000	105750000	chr10	100250000	105750000	255,255,0	1.221593115187036	0.07087661926843916	0.04880689192273832	0.8106060606060606	0.5075757575757576
chr10	88500000	99000000	chr10	88500000	99000000	255,255,0	0.9431243553988344	0.04388043449400128	0.06811144836213834	0.5995670995670995	0.6471861471861472
chr10	99750000	112750000	chr10	99750000	112750000	255,255,0	1.3533279453107447	0.048917652338092615	0.05350813249556263	0.896011396011396	0.6339031339031339
chr10	46750000	63750000	chr10	46750000	63750000	255,255,0	1.491611701730637	0.03712132429196677	0.0583212957356508	0.9	0.8344537815126051
chr10	6750000	11750000	chr10	6750000	11750000	255,255,0	1.4569020382991402	0.034817864206609664	0.06056407552862847	0.8090909090909091	0.8090909090909091
chr10	69750000	74750000	chr10	69750000	74750000	255,255,0	1.1961287944830907	0.04171058506722483	0.04254552228306751	0.8090909090909091	0.6818181818181818
chr10	15500000	18500000	chr10	15500000	18500000	255,255,0	0.7493482936788085	0.052174964430342016	0.024812744584014147	0.5	0.5
chr10	48000000	54000000	chr10	48000000	54000000	255,255,0	1.4727530687874875	0.054902709143973855	0.02204053285686087	0.8397435897435898	0.8397435897435898
chr10	38750000	45500000	chr10	38750000	45500000	255,255,0	1.3349397668591536	0.04275588984660751	0.03173118521264871	0.7806122448979592	0.8622448979591837
chr10	64500000	69250000	chr10	64500000	69250000	255,255,0	1.3008314279944502	0.04782902262280192	0.023118211593903856	0.79	0.73
chr10	19000000	23000000	chr10	19000000	23000000	255,255,0	0.7792673070815568	0.032973996511625706	0.02417929621436446	0.5216049382716049	0.5216049382716049
chr10	15750000	26750000	chr10	15750000	26750000	255,255,0	0.9707140038922113	0.02150144768157688	0.01187232154908357	0.7569169960474308	0.6067193675889329
chr10	88500000	92500000	chr10	88500000	92500000	255,255,0	0.8921169208843686	0.015094773686713794	0.014877819909899585	0.5972222222222222	0.625
chr2B	99250000	102500000	chr2B	99250000	102500000	255,255,0	0.9515785017981823	0.0550698824600086	0.12432295387285264	0.5714285714285714	0.5714285714285714
chr2B	106000000	109250000	chr2B	106000000	109250000	255,255,0	0.8662470298299035	0.10355845412038442	0.06571711191140377	0.5714285714285714	0.5306122448979592
chr2B	89500000	93000000	chr2B	89500000	93000000	255,255,0	0.8163122668790714	0.07870881969019841	0.05513409243831257	0.5178571428571429	0.5535714285714286
chr2B	35500000	38500000	chr2B	35500000	38500000	255,255,0	0.715593039878433	0.04304860024710262	0.07156403141103772	0.5	0.5
chr2B	29500000	34250000	chr2B	29500000	34250000	255,255,0	1.4072512223433262	0.06547744748881236	0.04247186687265303	0.77	0.79
chr2B	83250000	87250000	chr2B	83250000	87250000	255,255,0	1.168492972711154	0.03777524243498773	0.060196284040145626	0.625	0.7083333333333334
chr2B	25500000	29250000	chr2B	25500000	29250000	255,255,0	1.1941180648585774	0.03359246883079609	0.0614659684819122	0.671875	0.671875
chr2B	13750000	18250000	chr2B	13750000	18250000	255,255,0	1.1528448319059947	0.054169272381735856	0.03360975291652928	0.6777777777777778	0.7
chr2B	8000000	13250000	chr2B	8000000	13250000	255,255,0	1.6181841501406775	0.0393718564473446	0.045196821956312194	0.8099173553719008	0.8099173553719008
chr2B	96000000	102500000	chr2B	96000000	102500000	255,255,0	1.1975594780853878	0.021396578554105324	0.05046593724432999	0.583254635989011	0.8402515453296704
chr2B	39250000	44000000	chr2B	39250000	44000000	255,255,0	1.4299793895217732	0.03239909446694557	0.03814357995495247	0.79	0.79
chr2B	39250000	54250000	chr2B	39250000	54250000	255,255,0	0.9751849867376673	0.02596122553708079	0.03529644380107293	0.5709677419354838	0.689247311827957
chr2B	23500000	35000000	chr2B	23500000	35000000	255,255,0	1.0672028181352735	0.03576965674991182	0.024691371709659668	0.6612318840579711	0.7264492753623188
chr2B	106000000	117000000	chr2B	106000000	117000000	255,255,0	1.7229889739881514	0.03143483014100718	0.025263031979647882	0.8201581027667985	0.9466403162055336
chr2B	48000000	52000000	chr2B	48000000	52000000	255,255,0	1.0724934052349673	0.03141134405252675	0.018807072410620147	0.6527777777777778	0.6805555555555556
chr2B	118250000	124250000	chr2B	118250000	124250000	255,255,0	1.2972484920326472	0.0342344853909162	0.014594285322554164	0.8653846153846154	0.5374149659863946
chr2B	69500000	73750000	chr2B	69500000	73750000	255,255,0	0.8620325506042867	0.022390742864093344	0.025704774627007626	0.6102430555555556	0.5189236111111111
chr2B	65000000	69000000	chr2B	65000000	69000000	255,255,0	1.0344822321306089	0.022248034868711464	0.0181660680851879	0.7083333333333334	0.5694444444444444
chr2B	76500000	83000000	chr2B	76500000	83000000	255,255,0	1.4577323815933299	0.015701731990103378	0.023622781681124527	0.8846153846153846	0.8516483516483516
chr2B	61000000	64250000	chr2B	61000000	64250000	255,255,0	0.8126439367931733	0.011818443414764637	0.015913998092441234	0.5306122448979592	0.5714285714285714
chr9	33250000	37000000	chr9	33250000	37000000	255,255,0	1.012287700872862	0.05465439843607199	0.1345212229617032	0.640625	0.515625
chr9	58500000	95250000	chr9	58500000	95250000	255,255,0	1.2086398633388502	0.06856171346754701	0.06957393171674928	0.6028122717311907	0.7579266611524677
chr9	70500000	95000000	chr9	70500000	95000000	255,255,0	1.2683310056370156	0.041141104883838174	0.08878402425872103	0.6853061224489796	0.7121354656632173
chr9	65750000	69750000	chr9	65750000	69750000	255,255,0	1.2794880925667595	0.055593160330124326	0.06374778554173974	0.7083333333333334	0.7083333333333334
chr9	43000000	48000000	chr9	43000000	48000000	255,255,0	1.5119342880640252	0.07918228795868049	0.024774817873883123	0.7909090909090909	0.8090909090909091
chr9	42250000	56250000	chr9	42250000	56250000	255,255,0	1.4574046267451846	0.0672395566008418	0.03558988247732943	0.6564039408866995	0.9150246305418719
chr9	27250000	32750000	chr9	27250000	32750000	255,255,0	1.7712013987511193	0.02265612866955649	0.07864284897897389	0.8257575757575758	0.8409090909090909
chr9	72750000	77750000	chr9	72750000	77750000	255,255,0	1.395346975948221	0.062315320280281195	0.03760073108620277	0.7727272727272727	0.6818181818181818
chr9	58500000	70250000	chr9	58500000	70250000	255,255,0	1.3779174612278946	0.0410754385898201	0.044412821142220865	0.8072916666666666	0.7100694444444444
chr9	87000000	92750000	chr9	87000000	92750000	255,255,0	1.5113552205699414	0.035466909858396255	0.04993690415576091	0.7430555555555556	0.8402777777777778
chr9	58500000	64250000	chr9	58500000	64250000	255,255,0	1.5011930148186727	0.047490813388755965	0.02539801028499658	0.8402777777777778	0.7986111111111112
chr9	49250000	55750000	chr9	49250000	55750000	255,255,0	1.535199832212461	0.01257962974728091	0.04042833394506795	0.8076923076923077	0.8626373626373627
chr9	22000000	26750000	chr9	22000000	26750000	255,255,0	1.400005033531423	0.02056303442755647	0.02105789996651615	0.77	0.79
chr9	100000000	105000000	chr9	100000000	105000000	255,255,0	1.091299994036188	0.027936310482069876	0.013349563673798403	0.7909090909090909	0.5
chr2A	100250000	103250000	chr2A	100250000	103250000	255,255,0	0.6900824234814114	0.1014857197216498	0.08236095895240896	0.5	0.5
chr2A	39250000	42250000	chr2A	39250000	42250000	255,255,0	0.753021979301339	0.06029761313765551	0.112043051097228	0.5	0.5
chr2A	32500000	42250000	chr2A	32500000	42250000	255,255,0	1.076938399139925	0.05320560121025793	0.08392498435291884	0.7775	0.6125
chr2A	80250000	85000000	chr2A	80250000	85000000	255,255,0	1.4492061664764855	0.03399754957724152	0.09165682077902626	0.77	0.79
chr2A	75500000	80000000	chr2A	75500000	80000000	255,255,0	1.2734789874738301	0.0864838171458979	0.03325507787690821	0.7666666666666667	0.7444444444444445
chr2A	11750000	23250000	chr2A	11750000	23250000	255,255,0	0.9912910050897451	0.058834168983879664	0.05339398226146036	0.5126811594202898	0.8097826086956522
chr2A	65000000	69250000	chr2A	65000000	69250000	255,255,0	1.1957150450262382	0.050577940579027425	0.0552397898636862	0.691358024691358	0.7407407407407407
chr2A	48250000	60750000	chr2A	48250000	60750000	255,255,0	1.1529323458899807	0.0483975712364694	0.046459923617712895	0.66	0.7892307692307692
chr2A	75250000	85250000	chr2A	75250000	85250000	255,255,0	1.7985731355271815	0.040068071938704236	0.05146546635091109	0.8976190476190476	0.95
chr2A	11750000	16500000	chr2A	11750000	16500000	255,255,0	1.164942913154996	0.06971567478247517	0.02034572885453688	0.77	0.67
chr2A	55750000	60500000	chr2A	55750000	60500000	255,255,0	1.1304649406265725	0.017926034161510097	0.06970179592805807	0.71	0.73
chr2A	61750000	73750000	chr2A	61750000	73750000	255,255,0	0.7314545428867802	0.038933394042886565	0.045005423489422866	0.505	0.5716666666666667
chr2A	70000000	74500000	chr2A	70000000	74500000	255,255,0	1.144320923376369	0.038902247096434195	0.04411480839692132	0.6555555555555556	0.7666666666666667
chr2A	32500000	36750000	chr2A	32500000	36750000	255,255,0	1.1899195825809916	0.04069161287332139	0.04150437002240319	0.7407407407407407	0.691358024691358
chr2A	62250000	69750000	chr2A	62250000	69750000	255,255,0	0.9218517266210744	0.03825063624148815	0.038874041044006075	0.6041666666666666	0.6791666666666667
chr2A	48250000	54500000	chr2A	48250000	54500000	255,255,0	1.2832490467498743	0.03824616694238933	0.027616235327221985	0.863905325443787	0.7100591715976331
chr2A	43250000	47500000	chr2A	43250000	47500000	255,255,0	1.0965168194556218	0.037958810620451186	0.0267047662896803	0.6666666666666666	0.7407407407407407
chr2A	27750000	32000000	chr2A	27750000	32000000	255,255,0	0.8116242565319873	0.016902718608622216	0.015113611975891483	0.5925925925925926	0.5925925925925926
chr13	33750000	37750000	chr13	33750000	37750000	255,255,0	1.115626816254751	0.08893042894525716	0.05998841184169483	0.7083333333333334	0.5138888888888888
chr13	84000000	89250000	chr13	84000000	89250000	255,255,0	1.6838935412246556	0.04731965132545615	0.05233498579237189	0.8264462809917356	0.7851239669421488
chr13	33750000	51500000	chr13	33750000	51500000	255,255,0	1.0914190894952895	0.04637317517844833	0.03445395706526419	0.8626543209876543	0.5054012345679012
chr13	73000000	78750000	chr13	73000000	78750000	255,255,0	0.8574092379472639	0.01882337681283168	0.05571518188417814	0.5069444444444444	0.6041666666666666
chr13	38500000	52000000	chr13	38500000	52000000	255,255,0	0.7451886669988532	0.052557326544303895	0.013611595354344658	0.5092592592592593	0.5357142857142857
chr13	22250000	26000000	chr13	22250000	26000000	255,255,0	1.1550413384330944	0.022531548552706067	0.04006046553660192	0.671875	0.671875
chr13	43000000	48500000	chr13	43000000	48500000	255,255,0	1.5463488058481092	0.03352058294247598	0.02880390373154884	0.8409090909090909	0.8106060606060606
chr13	68000000	72500000	chr13	68000000	72500000	255,255,0	1.306870261082805	0.022992971444846994	0.03254011726301996	0.6777777777777778	0.7666666666666667
chr13	13000000	17500000	chr13	13000000	17500000	255,255,0	1.0504969137660851	0.026663750452038684	0.02434856030313394	0.6555555555555556	0.6333333333333333
chr13	13000000	21750000	chr13	13000000	21750000	255,255,0	1.1495776862103553	0.023128637988591435	0.010862567396428918	0.6203703703703703	0.8179012345679012
chr13	60000000	65750000	chr13	60000000	65750000	255,255,0	0.9799146869640459	0.009710447831847924	0.007272028354096247	0.7847222222222222	0.5069444444444444
chr13	51250000	58500000	chr13	51250000	58500000	255,255,0	0.7995833558495533	0.007410801454605272	0.009499927701771459	0.5244444444444445	0.5777777777777777
chr14	22750000	25750000	chr14	22750000	25750000	255,255,0	0.5554719680809855	0.031326776084287314	0.08205133974955635	0.5	0.5
chr14	11500000	15500000	chr14	11500000	15500000	255,255,0	0.976407799285005	0.04398462589896629	0.06039695028232542	0.6805555555555556	0.6805555555555556
chr14	26250000	30250000	chr14	26250000	30250000	255,255,0	0.9888341893425735	0.03736132919991123	0.06666899854950786	0.7083333333333334	0.7083333333333334
chr14	20250000	25750000	chr14	20250000	25750000	255,255,0	1.250499152174895	0.039014087490249816	0.041195244387879706	0.8409090909090909	0.8106060606060606
chr14	49750000	58000000	chr14	49750000	58000000	255,255,0	0.8765267601063393	0.03201837307862994	0.04761025669926511	0.5951557093425606	0.7612456747404844
chr14	5750000	11250000	chr14	5750000	11250000	255,255,0	1.0842353945106267	0.05358902208430101	0.02422088221676503	0.7045454545454546	0.8257575757575758
chr14	71250000	81000000	chr14	71250000	81000000	255,255,0	0.8349720153710842	0.029768044463552565	0.03577277721017325	0.8075	0.505586592178771
chr14	50500000	54250000	chr14	50500000	54250000	255,255,0	0.8697395251242448	0.03243613506965175	0.029068530745195637	0.578125	0.671875
chr14	40000000	45000000	chr14	40000000	45000000	255,255,0	0.6913952759719151	0.019027287481043986	0.04167316917940627	0.5363636363636364	0.5909090909090909
chr14	58750000	69500000	chr14	58750000	69500000	255,255,0	1.7431413912085048	0.03241493472619558	0.027618724169494124	0.9318181818181818	0.9400826446280992
chr14	39250000	48000000	chr14	39250000	48000000	255,255,0	0.6662560499899868	0.01408203257635144	0.040470483904026196	0.5524691358024691	0.6018518518518519
chr14	31500000	35500000	chr14	31500000	35500000	255,255,0	0.9769773664251972	0.019831218012237042	0.024919224241336524	0.7083333333333334	0.6805555555555556
chr15	13000000	18000000	chr15	13000000	18000000	255,255,0	1.6636241864480263	0.05480564739167716	0.052847172594668035	0.7545454545454545	0.8090909090909091
chr15	18750000	22750000	chr15	18750000	22750000	255,255,0	1.3125091858880555	0.042270250057424436	0.03879267855197446	0.6805555555555556	0.7083333333333334
chr15	23250000	35000000	chr15	23250000	35000000	255,255,0	1.5268409526351086	0.04526745562101936	0.03502679843932544	0.8177083333333334	0.7725694444444444
chr15	72750000	76750000	chr15	72750000	76750000	255,255,0	1.239238464211691	0.04359961950848773	0.036552547497391834	0.7083333333333334	0.5416666666666666
chr15	23250000	29250000	chr15	23250000	29250000	255,255,0	1.5628233908290854	0.05045391023600215	0.023045356836261122	0.8397435897435898	0.6730769230769231
chr15	30000000	34750000	chr15	30000000	34750000	255,255,0	1.3851694270357826	0.03162159790550267	0.03500167060751963	0.71	0.73
chr15	37500000	41750000	chr15	37500000	41750000	255,255,0	1.3351000247431701	0.02375618661096726	0.03365710623879863	0.691358024691358	0.7160493827160493
chr15	47250000	50750000	chr15	47250000	50750000	255,255,0	0.9204689233385571	0.014839260826460645	0.02193881909073812	0.5178571428571429	0.5892857142857143
chr15	44000000	52000000	chr15	44000000	52000000	255,255,0	1.3571674048241247	0.009792148851133258	0.01339597687804421	0.8419117647058824	0.7830882352941176
chr17	30750000	35000000	chr17	30750000	35000000	255,255,0	0.7946555776848299	0.10129885663013315	0.09660059315757143	0.5432098765432098	0.5925925925925926
chr17	7500000	13500000	chr17	7500000	13500000	255,255,0	1.3349830563668605	0.0829476235115166	0.0779777748228111	0.7051282051282052	0.8269230769230769
chr17	35250000	67750000	chr17	35250000	67750000	255,255,0	0.695735401336456	0.07783186139232204	0.06715837931086324	0.5354312354312354	0.5442477876106194
chr17	44250000	49750000	chr17	44250000	49750000	255,255,0	1.6441988465053892	0.0838547563002186	0.053204838947003424	0.8409090909090909	0.8409090909090909
chr17	35250000	41750000	chr17	35250000	41750000	255,255,0	0.9042823980227156	0.10004608749691227	0.03575408817731865	0.5164835164835164	0.7485514485514486
chr17	61250000	66250000	chr17	61250000	66250000	255,255,0	1.5024504397940397	0.04860346893624343	0.06934668814075615	0.7909090909090909	0.8090909090909091
chr17	57000000	60750000	chr17	57000000	60750000	255,255,0	1.0732713985271247	0.04783960216100519	0.05686518566941996	0.609375	0.671875
chr17	18500000	27250000	chr17	18500000	27250000	255,255,0	0.9113520243724551	0.02847505336233002	0.049142397150602646	0.5771604938271605	0.6388888888888888
chr17	20000000	24000000	chr17	20000000	24000000	255,255,0	1.0429356198223505	0.03278842273066964	0.03217569913227642	0.6805555555555556	0.625
chr17	52000000	56750000	chr17	52000000	56750000	255,255,0	1.0767653209059924	0.029783060732698603	0.0191400647264208	0.65	0.73
chr16	54250000	59750000	chr16	54250000	59750000	255,255,0	1.1916542870027307	0.09722420579560706	0.06723750661779322	0.6136363636363636	0.75
chr16	33750000	51750000	chr16	33750000	51750000	255,255,0	0.9219118955251133	0.0811619477162195	0.07386001007841153	0.6013513513513513	0.5037537537537538
chr16	43750000	47250000	chr16	43750000	47250000	255,255,0	1.1391256849791254	0.12434972740460051	0.02747296245273312	0.625	0.5892857142857143
chr16	5250000	9000000	chr16	5250000	9000000	255,255,0	1.2417576427496786	0.10024205929979285	0.045955115579951286	0.65625	0.671875
chr16	61000000	66500000	chr16	61000000	66500000	255,255,0	1.2588368529767833	0.0657851936350784	0.05811557882220614	0.8257575757575758	0.5227272727272727
chr16	61000000	69500000	chr16	61000000	69500000	255,255,0	1.4466469392753143	0.04602700777341953	0.07537671034657316	0.9117647058823529	0.5979020979020979
chr16	43750000	51250000	chr16	43750000	51250000	255,255,0	1.8689913247774026	0.043617326786914185	0.05030972752283669	0.8958333333333334	0.9125
chr16	38500000	41750000	chr16	38500000	41750000	255,255,0	0.9154082737106506	0.014704717191608188	0.06437014966626743	0.5306122448979592	0.5714285714285714
chr16	31500000	42000000	chr16	31500000	42000000	255,255,0	1.6756254394858943	0.03870383359262777	0.03401844212128095	0.9329004329004329	0.8246753246753247
chr1	63750000	107000000	chr1	63750000	107000000	255,255,0	1.0524865932265823	0.08505899406642523	0.10932986249055147	0.5292641035803937	0.6494913462808826
chr1	113500000	119750000	chr1	113500000	119750000	255,255,0	1.352515303447981	0.07463740469107354	0.11291427777579038	0.7337278106508875	0.7455621301775148
chr1	45500000	50250000	chr1	45500000	50250000	255,255,0	1.6251616584104158	0.08649191042292181	0.07355972754528656	0.77	0.75
chr1	123750000	129250000	chr1	123750000	129250000	255,255,0	1.310539484156351	0.0765527222468248	0.07268729220974982	0.7196969696969697	0.6439393939393939
chr1	107500000	111500000	chr1	107500000	111500000	255,255,0	1.4007300286625237	0.043493894427767035	0.10515058981045655	0.7083333333333334	0.7083333333333334
chr1	131750000	135750000	chr1	131750000	135750000	255,255,0	1.4416570342835886	0.07351927675492734	0.06570512422469836	0.7083333333333334	0.7083333333333334
chr1	93750000	97750000	chr1	93750000	97750000	255,255,0	1.301270438028687	0.08902569001316563	0.029442217285156565	0.6527777777777778	0.6527777777777778
chr1	172250000	175750000	chr1	172250000	175750000	255,255,0	1.1237665136113488	0.023456732366078856	0.08991265029172901	0.5535714285714286	0.625
chr1	93750000	106750000	chr1	93750000	106750000	255,255,0	1.4636252330172865	0.0352919458251327	0.059347814408256816	0.6452991452991453	0.8846153846153846
chr1	176250000	180750000	chr1	176250000	180750000	255,255,0	1.557740407781078	0.0514527102232861	0.04120548921051953	0.7666666666666667	0.7666666666666667
chr1	211500000	216500000	chr1	211500000	216500000	255,255,0	1.4111350788391974	0.052349120980994285	0.039958459711751174	0.8090909090909091	0.6818181818181818
chr1	102500000	106750000	chr1	102500000	106750000	255,255,0	1.3935530475664186	0.012335189289243226	0.07756432502181573	0.7160493827160493	0.7407407407407407
chr1	182000000	197750000	chr1	182000000	197750000	255,255,0	1.3473250029862416	0.044619051112078374	0.04451520294946158	0.6240234375	0.8623046875
chr1	53750000	60000000	chr1	53750000	60000000	255,255,0	1.1316721648206842	0.04493300687220364	0.04194151877751194	0.757396449704142	0.5088757396449705
chr1	136500000	141500000	chr1	136500000	141500000	255,255,0	1.179696874916811	0.05136228206993862	0.03257776587321809	0.7545454545454545	0.5727272727272728
chr1	69750000	73750000	chr1	69750000	73750000	255,255,0	1.3693788542649397	0.03178650238959495	0.05002973157010221	0.7083333333333334	0.7083333333333334
chr1	160000000	175000000	chr1	160000000	175000000	255,255,0	1.5390212044646745	0.018687309036292184	0.06287669931210116	0.8462365591397849	0.7989247311827957
chr1	26750000	30750000	chr1	26750000	30750000	255,255,0	1.06051934724867	0.042003592848793535	0.03769985564728064	0.5416666666666666	0.6527777777777778
chr1	189750000	195000000	chr1	189750000	195000000	255,255,0	1.0142322013885012	0.03338162079525791	0.036738099056643374	0.6776859504132231	0.5454545454545454
chr1	188250000	197750000	chr1	188250000	197750000	255,255,0	1.4887358301046067	0.026766955076600207	0.04149817831405564	0.7236842105263158	0.8868421052631579
chr1	182000000	187250000	chr1	182000000	187250000	255,255,0	1.4198706377881882	0.04382825458954645	0.020052859920974095	0.7933884297520661	0.7272727272727273
chr1	66250000	69250000	chr1	66250000	69250000	255,255,0	0.8515508515075475	0.030566998660136208	0.02881931802612534	0.5	0.5
chr1	150000000	153500000	chr1	150000000	153500000	255,255,0	0.993526295656021	0.027730434464911354	0.030789575239744627	0.5178571428571429	0.625
chr1	99250000	107000000	chr1	99250000	107000000	255,255,0	1.5632547243587327	0.01050618196133178	0.046459558551275065	0.67578125	0.91796875
chr1	64250000	74500000	chr1	64250000	74500000	255,255,0	1.152947384710688	0.029244879149687965	0.024683450614064947	0.7029478458049887	0.6984126984126984
chr1	160500000	166000000	chr1	160500000	166000000	255,255,0	1.2125441101841417	0.03553296561024023	0.015345740338407264	0.7651515151515151	0.6439393939393939
chr1	15000000	18750000	chr1	15000000	18750000	255,255,0	1.1104130773518237	0.041407643321099696	0.007878398356301178	0.671875	0.640625
chr1	39000000	43750000	chr1	39000000	43750000	255,255,0	0.9144646006273625	0.01599172205788473	0.029306260539138637	0.5228125	0.5628124999999999
chr1	205750000	210750000	chr1	205750000	210750000	255,255,0	0.9239784549604577	0.01929189635996084	0.023029028596731057	0.5	0.6454545454545455
chr1	167750000	172000000	chr1	167750000	172000000	255,255,0	1.178566137459427	0.013878659584984025	0.027925309872607156	0.691358024691358	0.691358024691358
chr1	77500000	83750000	chr1	77500000	83750000	255,255,0	1.4270178547650405	0.020155506366403883	0.021330991555672828	0.8165680473372781	0.8520710059171598
chr1	146750000	149750000	chr1	146750000	149750000	255,255,0	0.7477567611236433	0.009283461920902262	0.016826857471216518	0.5	0.5
chr18	40000000	44500000	chr18	40000000	44500000	255,255,0	0.5919508603942428	0.03457346345937608	0.13314482429225202	0.6777777777777778	0.5222222222222223
chr18	44750000	49000000	chr18	44750000	49000000	255,255,0	1.2097374924390083	0.07919504775604633	0.048347147137825036	0.7407407407407407	0.5925925925925926
chr18	36000000	39500000	chr18	36000000	39500000	255,255,0	1.0507163899979242	0.022656361947330658	0.09679661412192879	0.625	0.625
chr18	30250000	39250000	chr18	30250000	39250000	255,255,0	1.2906446125066426	0.042231012188713404	0.0625131455391229	0.6871345029239766	0.7631578947368421
chr18	20750000	39500000	chr18	20750000	39500000	255,255,0	0.7933702051813862	0.029781505504100622	0.05951842304929724	0.5657894736842105	0.5090027700831025
chr18	30750000	35500000	chr18	30750000	35500000	255,255,0	1.6150912486850473	0.05310843282954905	0.03406147945691945	0.79	0.77
chr18	53750000	69000000	chr18	53750000	69000000	255,255,0	1.1030193829935713	0.037580481605159824	0.016349839579165942	0.8158168574401665	0.5366666666666666
chr18	64250000	68000000	chr18	64250000	68000000	255,255,0	1.0174892177610841	0.023779733175515502	0.023389750587215503	0.671875	0.578125
chr18	53750000	64000000	chr18	53750000	64000000	255,255,0	0.953109834128955	0.02621457559756064	0.014692566184396646	0.6802721088435374	0.5578231292517006
chr18	20750000	27250000	chr18	20750000	27250000	255,255,0	1.4768402338280453	0.01839545503535879	0.018940933448640677	0.8846153846153846	0.7307692307692307
chr20	20000000	26500000	chr20	20000000	26500000	255,255,0	1.442230548627335	0.010668514658596067	0.18608474780897416	0.7077967605311355	0.6690204326923077
chr20	31250000	49250000	chr20	31250000	49250000	255,255,0	1.1623014287334397	0.1480114738846797	0.043580983457674666	0.5863363363363363	0.5217054263565891
chr20	51250000	56250000	chr20	51250000	56250000	255,255,0	1.7579417848368664	0.0681749216678389	0.048749555802130785	0.7909090909090909	0.7181818181818181
chr20	38250000	43500000	chr20	38250000	43500000	255,255,0	1.7613047854268529	0.0488535578377437	0.035757365606312014	0.743801652892562	0.8099173553719008
chr20	45500000	49500000	chr20	45500000	49500000	255,255,0	1.3518452414842037	0.032952704191362286	0.049644091687691974	0.6805555555555556	0.625
chr20	14000000	17500000	chr20	14000000	17500000	255,255,0	1.357828617085173	0.02952396366555958	0.045504784911678156	0.625	0.625
chr20	6000000	10000000	chr20	6000000	10000000	255,255,0	1.2942764295516853	0.05748028334905048	0.01532470537346756	0.6766975308641976	0.5539021164021164
chr20	5750000	17000000	chr20	5750000	17000000	255,255,0	1.1688541599362747	0.038938621397068676	0.025290763871520166	0.500945179584121	0.7107750472589792
chr20	5750000	13250000	chr20	5750000	13250000	255,255,0	1.2388137347296586	0.04436254857691686	0.009260556427547792	0.6791666666666667	0.5958333333333333
chr19	20750000	27000000	chr19	20750000	27000000	255,255,0	1.3274138276853877	0.07731925346983898	0.09670190603757982	0.8757396449704142	0.6035502958579881
chr19	27500000	31000000	chr19	27500000	31000000	255,255,0	0.9924429311628851	0.08511416350768226	0.05539521684891274	0.5535714285714286	0.5892857142857143
chr19	13250000	19750000	chr19	13250000	19750000	255,255,0	1.1130304818353862	0.05999893473290453	0.05266539656338535	0.5714285714285714	0.7538461538461538
chr19	43250000	47500000	chr19	43250000	47500000	255,255,0	1.1320664405791072	0.03464532405666661	0.0304904580592239	0.6419753086419753	0.691358024691358
chr22	14500000	19500000	chr22	14500000	19500000	255,255,0	1.4098646810450732	0.03870488841444489	0.0486930959026229	0.7363636363636363	0.7
chr22	20250000	24500000	chr22	20250000	24500000	255,255,0	1.1207235991251794	0.04166897112321249	0.021438233665212487	0.6172839506172839	0.6419753086419753
chr21	4750000	7750000	chr21	4750000	7750000	255,255,0	0.7547034662248702	0.053701018069974446	0.0487636092811826	0.5	0.5
chr21	8000000	12000000	chr21	8000000	12000000	255,255,0	1.4803298026736738	0.027016084029983067	0.046836274550090234	0.6805555555555556	0.7083333333333334
chr21	12250000	17250000	chr21	12250000	17250000	255,255,0	1.095650414285867	0.03523192397493497	0.03801407594251821	0.5545454545454546	0.6818181818181818
chr3	4750000	8750000	chr3	4750000	8750000	255,255,0	1.20111140665547	0.036539862591411246	0.10299401879941247	0.5972222222222222	0.7083333333333334
chr3	33500000	37750000	chr3	33500000	37750000	255,255,0	1.1478481526655817	0.06931670929706427	0.05754284945736958	0.7407407407407407	0.5925925925925926
chr3	76250000	117250000	chr3	76250000	117250000	255,255,0	0.7916655242853486	0.07186126246764199	0.053446012668321205	0.5887452248016456	0.5073464590067588
chr3	106750000	110500000	chr3	106750000	110500000	255,255,0	1.0892175870851786	0.059853897845817836	0.06470014492134704	0.671875	0.640625
chr3	91750000	96500000	chr3	91750000	96500000	255,255,0	1.4796341135190114	0.07202075620921808	0.047482530236308385	0.79	0.79
chr3	73250000	119500000	chr3	73250000	119500000	255,255,0	0.9307928523382404	0.064129646837812	0.05244343528393697	0.6948633835106552	0.5089023425925236
chr3	76250000	111000000	chr3	76250000	111000000	255,255,0	0.7714027840549745	0.06441772801892853	0.05091677456157462	0.5704081632653061	0.5095918367346939
chr3	59000000	120250000	chr3	59000000	120250000	255,255,0	1.0631839484340972	0.06425635500090782	0.04989511573117557	0.7206028157842554	0.5934298367373918
chr3	73500000	111000000	chr3	73500000	111000000	255,255,0	0.9196775676057558	0.05995021111710232	0.05015542631043908	0.6847368421052632	0.5092982456140351
chr3	87750000	91500000	chr3	87750000	91500000	255,255,0	1.1534688798656343	0.03521142025029292	0.07331183587047499	0.640625	0.671875
chr3	9750000	15500000	chr3	9750000	15500000	255,255,0	1.630131577875017	0.06151495778301774	0.04647445170008266	0.8263888888888888	0.8402777777777778
chr3	28500000	31500000	chr3	28500000	31500000	255,255,0	0.8041841551393423	0.028131826021129028	0.07748450008613791	0.5	0.5
chr3	49500000	53000000	chr3	49500000	53000000	255,255,0	0.7421505811959935	0.03411689175348047	0.06327563508982717	0.5089285714285714	0.5089285714285714
chr3	171000000	174750000	chr3	171000000	174750000	255,255,0	1.0340605767524624	0.07537233704958068	0.020328945361159836	0.671875	0.515625
chr3	46750000	53000000	chr3	46750000	53000000	255,255,0	0.8335765327533458	0.036875255147218566	0.04935887866988287	0.5680473372781065	0.5088757396449705
chr3	18250000	31500000	chr3	18250000	31500000	255,255,0	0.9408880911555781	0.05785002218079757	0.027879776852607077	0.6117969821673526	0.5404663923182441
chr3	170750000	177250000	chr3	170750000	177250000	255,255,0	1.653173434163499	0.04995935315690957	0.03446519670676476	0.8626373626373627	0.8626373626373627
chr3	185250000	191500000	chr3	185250000	191500000	255,255,0	1.4625852471402996	0.03593243077779763	0.04677099302829796	0.8165680473372781	0.7239263803680982
chr3	53500000	57500000	chr3	53500000	57500000	255,255,0	1.3008078668458256	0.04852870158682508	0.03331273777211851	0.7083333333333334	0.7083333333333334
chr3	158750000	163000000	chr3	158750000	163000000	255,255,0	1.3080579140356894	0.048413567720750075	0.030661915222440626	0.7407407407407407	0.7160493827160493
chr3	141000000	145000000	chr3	141000000	145000000	255,255,0	1.1605571990131158	0.05472295293852898	0.020656062954632733	0.7083333333333334	0.625
chr3	58500000	63750000	chr3	58500000	63750000	255,255,0	1.5242970897339967	0.04069195952502773	0.03133656742575644	0.8264462809917356	0.8099173553719008
chr3	124000000	127000000	chr3	124000000	127000000	255,255,0	0.7768718077722799	0.010122809682580901	0.051290486232097754	0.5	0.5
chr3	158250000	165750000	chr3	158250000	165750000	255,255,0	1.078437834489562	0.034759937758654894	0.020010583983299163	0.6875	0.6958333333333333
chr3	121500000	127250000	chr3	121500000	127250000	255,255,0	1.1287322007527272	0.021250730378390162	0.032821439762610656	0.5763888888888888	0.7708333333333334
chr3	112000000	117750000	chr3	112000000	117750000	255,255,0	1.3863670995899309	0.01734598558761121	0.03527828182398332	0.8263888888888888	0.7569444444444444
chr3	17500000	25500000	chr3	17500000	25500000	255,255,0	1.255603421288892	0.03911311213441167	0.012130263254960735	0.8786764705882353	0.5919117647058824
chr3	99750000	106000000	chr3	99750000	106000000	255,255,0	1.5574197897676803	0.017623035449411337	0.03238976763832688	0.863905325443787	0.8520710059171598
chr3	128250000	139750000	chr3	128250000	139750000	255,255,0	1.1204184685273	0.01924870711484076	0.02604086505701313	0.8097826086956522	0.6322463768115942
chr3	39500000	42500000	chr3	39500000	42500000	255,255,0	0.779153199381754	0.021112316965624635	0.0236985834543518	0.5	0.5
chr3	81000000	87000000	chr3	81000000	87000000	255,255,0	1.4632418458057115	0.018809783731458897	0.016927250554037217	0.8525641025641025	0.8525641025641025
chr4	68500000	71500000	chr4	68500000	71500000	255,255,0	0.7450448374211005	0.025337092314095856	0.12293454308456905	0.5	0.5
chr4	125500000	134500000	chr4	125500000	134500000	255,255,0	0.737110599355544	0.07540582922023359	0.0714389272604111	0.7456140350877193	0.5994152046783626
chr4	86750000	91500000	chr4	86750000	91500000	255,255,0	1.5120657778124234	0.06375729487798748	0.04600213065338324	0.79	0.79
chr4	41250000	45500000	chr4	41250000	45500000	255,255,0	1.205696145496108	0.07300032257148986	0.03674166580372707	0.7407407407407407	0.6419753086419753
chr4	73000000	77000000	chr4	73000000	77000000	255,255,0	1.2818294471419156	0.04538551939717379	0.05603573794536697	0.7083333333333334	0.7083333333333334
chr4	167500000	171000000	chr4	167500000	171000000	255,255,0	1.063783848991363	0.047544434054135415	0.0372609120150607	0.625	0.625
chr4	138000000	141500000	chr4	138000000	141500000	255,255,0	0.9100221901082963	0.05245094878208845	0.032040972784150246	0.625	0.5178571428571429
chr4	61250000	65000000	chr4	61250000	65000000	255,255,0	1.0507393870060675	0.051625746075669596	0.029044433579671063	0.671875	0.609375
chr4	9500000	15000000	chr4	9500000	15000000	255,255,0	1.4805872426643574	0.058698817775997975	0.02193230339665963	0.8409090909090909	0.8106060606060606
chr4	46500000	51500000	chr4	46500000	51500000	255,255,0	1.2317809804038413	0.035501572312430556	0.04494629980743442	0.7363636363636363	0.7
chr4	91750000	96750000	chr4	91750000	96750000	255,255,0	1.3967190197307753	0.04144796969878682	0.032438276977355004	0.7363636363636363	0.8090909090909091
chr4	26000000	30000000	chr4	26000000	30000000	255,255,0	1.1743384447243987	0.05680716114672062	0.016170937159845047	0.7083333333333334	0.625
chr4	17000000	23000000	chr4	17000000	23000000	255,255,0	0.9771177370430579	0.0443047295013574	0.028222976433831218	0.6989182692307692	0.5643028846153846
chr4	138000000	148500000	chr4	138000000	148500000	255,255,0	0.7450578628157766	0.03128739856950176	0.040160122395059505	0.525974025974026	0.5346320346320347
chr4	31500000	36000000	chr4	31500000	36000000	255,255,0	1.014338163327999	0.015251242543831488	0.05486324910188427	0.5	0.7444444444444445
chr4	152500000	156500000	chr4	152500000	156500000	255,255,0	1.0714516247407406	0.0478330013376104	0.021650529262127148	0.7083333333333334	0.5416666666666666
chr4	119750000	125250000	chr4	119750000	125250000	255,255,0	1.4304837581168237	0.028202853084835618	0.04051429763713087	0.8106060606060606	0.8409090909090909
chr4	143250000	148500000	chr4	143250000	148500000	255,255,0	1.1048007123937071	0.014009945040709768	0.0479166757145516	0.5699738573115196	0.7870003373250127
chr4	157250000	160250000	chr4	157250000	160250000	255,255,0	0.8228624738110406	0.03346889357262745	0.02678048619682801	0.5267857142857143	0.5089285714285714
chr4	60750000	71750000	chr4	60750000	71750000	255,255,0	1.2158371654858042	0.020978182685150393	0.03436063867110459	0.5039525691699605	0.8952569169960475
chr4	53750000	71500000	chr4	53750000	71500000	255,255,0	1.1703528629902813	0.01845760254180644	0.035606495157105726	0.6350308641975309	0.8248456790123457
chr4	79250000	85000000	chr4	79250000	85000000	255,255,0	1.538268433902139	0.032152684121593444	0.016284142684918464	0.8263888888888888	0.8541666666666666
chr4	111000000	116000000	chr4	111000000	116000000	255,255,0	1.2767064116013869	0.023546847894862152	0.022629299103558424	0.7909090909090909	0.7545454545454545
chr4	163000000	167000000	chr4	163000000	167000000	255,255,0	1.1388069363311852	0.0269024668041236	0.016654188217681783	0.6805555555555556	0.7083333333333334
chr4	151750000	161000000	chr4	151750000	161000000	255,255,0	1.0300480749234202	0.025995535358925525	0.01409672696348865	0.7423822714681441	0.6038781163434903
chr4	106250000	110000000	chr4	106250000	110000000	255,255,0	0.8483741049207711	0.020115812775102028	0.01561614947115467	0.546875	0.546875
chr4	174250000	180500000	chr4	174250000	180500000	255,255,0	1.4011702748877854	0.008084697608337311	0.02281432323782788	0.7928994082840237	0.863905325443787
chr4	97250000	105250000	chr4	97250000	105250000	255,255,0	0.9158585927195824	0.013682071365646972	0.014844166890933347	0.7095588235294118	0.5477941176470589
chr6	17500000	26250000	chr6	17500000	26250000	255,255,0	1.5017518072453562	0.10972391941987988	0.07232043850795122	0.5216049382716049	0.9166666666666666
chr6	29500000	43750000	chr6	29500000	43750000	255,255,0	1.0380574449431654	0.0919097435739801	0.06466280826930546	0.6563614744351962	0.5517241379310345
chr6	158750000	163250000	chr6	158750000	163250000	255,255,0	1.4871212343029143	0.06600980133813963	0.08735268452284528	0.7666666666666667	0.7222222222222222
chr6	13000000	17000000	chr6	13000000	17000000	255,255,0	1.0025066841419192	0.06667465532421457	0.06001240839339421	0.5694444444444444	0.625
chr6	109500000	113750000	chr6	109500000	113750000	255,255,0	1.3556448422354535	0.07502170116261697	0.048170103195735114	0.7160493827160493	0.7407407407407407
chr6	56750000	61000000	chr6	56750000	61000000	255,255,0	1.2596443697740356	0.07593429384884742	0.03517953245460416	0.7160493827160493	0.7160493827160493
chr6	97250000	102000000	chr6	97250000	102000000	255,255,0	1.5307652264296594	0.04007777915668409	0.0610002409060503	0.79	0.79
chr6	148750000	154000000	chr6	148750000	154000000	255,255,0	1.0362737029000901	0.03340300839009678	0.06309551811255498	0.628099173553719	0.6115702479338843
chr6	46000000	50000000	chr6	46000000	50000000	255,255,0	0.8780270296291572	0.06341809436323106	0.02944308586515128	0.5416666666666666	0.5416666666666666
chr6	136000000	139750000	chr6	136000000	139750000	255,255,0	1.0700110555780422	0.04952445541473688	0.036703436199421756	0.671875	0.578125
chr6	52500000	56500000	chr6	52500000	56500000	255,255,0	1.1529308580728646	0.027360042894952405	0.049079111660940644	0.6805555555555556	0.6805555555555556
chr6	35500000	43500000	chr6	35500000	43500000	255,255,0	1.3332082951949613	0.028472677009036107	0.044485525824674285	0.6727941176470589	0.8566176470588235
chr6	87500000	92500000	chr6	87500000	92500000	255,255,0	1.3221583843456082	0.04905675509445201	0.021326685276585305	0.8090909090909091	0.6818181818181818
chr6	44500000	56500000	chr6	44500000	56500000	255,255,0	1.293929650472966	0.028811243750888088	0.029465685913400177	0.9383333333333334	0.505
chr6	73000000	77000000	chr6	73000000	77000000	255,255,0	1.1331716670974135	0.030986122873954705	0.027164841836798473	0.6527777777777778	0.7083333333333334
chr6	116250000	119750000	chr6	116250000	119750000	255,255,0	0.8664597242632401	0.023389382328090957	0.027134166785450158	0.5337301587301587	0.5515873015873016
chr6	62000000	67500000	chr6	62000000	67500000	255,255,0	1.247843218137156	0.021360232420201793	0.015735682572921864	0.7196969696969697	0.8409090909090909
chr6	130000000	133500000	chr6	130000000	133500000	255,255,0	0.919693080050671	0.01595817721628602	0.01927816326573833	0.5892857142857143	0.5892857142857143
chr6	120000000	124500000	chr6	120000000	124500000	255,255,0	0.8670164551316651	0.011625487246033735	0.010421616360178205	0.5444444444444444	0.6111111111111112
chr5	101000000	105000000	chr5	101000000	105000000	255,255,0	0.9600906302829024	0.09484567522946928	0.09662958758405435	0.5416666666666666	0.625
chr5	113250000	116250000	chr5	113250000	116250000	255,255,0	0.80795154010065	0.042581782610857384	0.08739265292146044	0.5	0.5
chr5	110750000	116500000	chr5	110750000	116500000	255,255,0	1.2203923426664862	0.05824208303579265	0.05446707453383291	0.6875	0.7847222222222222
chr5	93750000	97250000	chr5	93750000	97250000	255,255,0	0.9257349663627912	0.07839786613339599	0.03275619225069731	0.625	0.5535714285714286
chr5	141750000	146250000	chr5	141750000	146250000	255,255,0	1.4034239253823568	0.03544537680635648	0.06783278420966038	0.7444444444444445	0.7666666666666667
chr5	138500000	141500000	chr5	138500000	141500000	255,255,0	0.83063798052004	0.05677554155214189	0.04410053613206399	0.5	0.5
chr5	105500000	110000000	chr5	105500000	110000000	255,255,0	1.3103182912953206	0.034044005872899685	0.058576838449355906	0.6777777777777778	0.7666666666666667
chr5	46500000	55000000	chr5	46500000	55000000	255,255,0	1.5573332637377688	0.07527732552418903	0.013078036498248107	0.9052287581699346	0.7679738562091504
chr5	27500000	33250000	chr5	27500000	33250000	255,255,0	1.3798168598446936	0.03771895721334303	0.044590052402453825	0.7847222222222222	0.8541666666666666
chr5	24250000	27250000	chr5	24250000	27250000	255,255,0	0.8301913647894901	0.037954296525824306	0.037978024794277296	0.5	0.5
chr5	150250000	154250000	chr5	150250000	154250000	255,255,0	0.9877511002510545	0.017056368124674863	0.05042547534033997	0.7083333333333334	0.5833333333333334
chr5	93750000	100250000	chr5	93750000	100250000	255,255,0	0.9621052334257543	0.04035697088500471	0.025660259852051677	0.6318681318681318	0.6868131868131868
chr5	34250000	43250000	chr5	34250000	43250000	255,255,0	1.8698852584528458	0.02168811412801723	0.04206656105413403	0.9269005847953217	0.9385964912280702
chr5	76750000	80500000	chr5	76750000	80500000	255,255,0	1.0990637559180039	0.024383970121825867	0.03855903788559594	0.671875	0.671875
chr5	81250000	86250000	chr5	81250000	86250000	255,255,0	1.3683495494430842	0.03651089671665425	0.02315652123691455	0.8090909090909091	0.7545454545454545
chr5	19250000	23750000	chr5	19250000	23750000	255,255,0	1.1987300886050765	0.03355054849798122	0.02505137450584928	0.7666666666666667	0.7
chr5	89750000	93500000	chr5	89750000	93500000	255,255,0	0.8431624429259361	0.018914736201859798	0.029729615959522622	0.609375	0.515625
chr5	10500000	14750000	chr5	10500000	14750000	255,255,0	0.8797206287828769	0.01609454685156235	0.03121933693171103	0.6419753086419753	0.5432098765432098
chr5	69500000	74250000	chr5	69500000	74250000	255,255,0	1.1739781826998574	0.019212200022039883	0.023457425267403374	0.77	0.73
chr5	61250000	68500000	chr5	61250000	68500000	255,255,0	1.3006521309470107	0.01845421307854199	0.010945963557216453	0.8444444444444444	0.8533333333333334
chr7	68000000	72750000	chr7	68000000	72750000	255,255,0	1.543092250132494	0.061532488153588194	0.08832951584796439	0.73	0.79
chr7	104750000	124000000	chr7	104750000	124000000	255,255,0	1.1598405585177445	0.07059500710352261	0.06888703198927243	0.821827744904668	0.5877712031558185
chr7	130500000	145500000	chr7	130500000	145500000	255,255,0	0.7101058858537707	0.0609656556015528	0.0715411648961936	0.5236559139784946	0.5076560659599529
chr7	120500000	124250000	chr7	120500000	124250000	255,255,0	1.1861980172545359	0.03321322573188505	0.09725333523114321	0.640625	0.671875
chr7	7250000	11500000	chr7	7250000	11500000	255,255,0	1.2353840751493146	0.084062409052749	0.04084324620238746	0.7407407407407407	0.5679012345679012
chr7	50250000	55500000	chr7	50250000	55500000	255,255,0	1.3321787764706998	0.03672913410813694	0.08626453976416326	0.5619834710743802	0.8099173553719008
chr7	127750000	131750000	chr7	127750000	131750000	255,255,0	1.0542036819165883	0.052244206044885354	0.054016776971803536	0.7083333333333334	0.6527777777777778
chr7	105000000	110250000	chr7	105000000	110250000	255,255,0	1.1788022161763065	0.06814393402552285	0.03611479276601012	0.7257231404958677	0.6252213695395514
chr7	99750000	104250000	chr7	99750000	104250000	255,255,0	0.9301900361590514	0.08388244547129209	0.01713183284061424	0.6111111111111112	0.5
chr7	45500000	55500000	chr7	45500000	55500000	255,255,0	1.443197804339419	0.033334651538459784	0.06400021409508111	0.6785714285714286	0.8976190476190476
chr7	132000000	135750000	chr7	132000000	135750000	255,255,0	1.0174222685674028	0.045883689180486555	0.04971637505413449	0.640625	0.578125
chr7	7750000	22000000	chr7	7750000	22000000	255,255,0	1.2044295873798192	0.07199434011313112	0.01639233537490801	0.5743162901307967	0.8894173602853745
chr7	74000000	83000000	chr7	74000000	83000000	255,255,0	1.4058267588063686	0.06665468639473238	0.01674053892631539	0.9210526315789473	0.5701754385964912
chr7	138750000	145250000	chr7	138750000	145250000	255,255,0	1.4701250796509566	0.03591866946702279	0.045920291942471575	0.7307692307692307	0.8846153846153846
chr7	73750000	94000000	chr7	73750000	94000000	255,255,0	1.860943197734291	0.044475239252892595	0.03667329455142629	0.9660916121356335	0.8887566924449732
chr7	95000000	98500000	chr7	95000000	98500000	255,255,0	0.9738422188644255	0.03221853599408807	0.04796869213299342	0.5892857142857143	0.5892857142857143
chr7	39750000	44000000	chr7	39750000	44000000	255,255,0	1.205820207681821	0.0222783803619195	0.053310729095309	0.6666666666666666	0.7407407407407407
chr7	88500000	94000000	chr7	88500000	94000000	255,255,0	1.1786696609575005	0.01769993485822787	0.05616942343163067	0.5378787878787878	0.8106060606060606
chr7	110500000	114000000	chr7	110500000	114000000	255,255,0	0.9104774078929809	0.04039734581272224	0.03160758171321439	0.5535714285714286	0.625
chr7	83250000	87750000	chr7	83250000	87750000	255,255,0	1.2049230477239679	0.040760892391510185	0.02726332455274149	0.7222222222222222	0.7666666666666667
chr7	114500000	118750000	chr7	114500000	118750000	255,255,0	1.0131082711149504	0.025607622003708926	0.03177953428613718	0.6172839506172839	0.6666666666666666
chr7	33000000	44000000	chr7	33000000	44000000	255,255,0	0.7630299659494733	0.019128146891728794	0.032922741282366476	0.5700485412023873	0.5227112630958785
chr7	79000000	83000000	chr7	79000000	83000000	255,255,0	1.0092276762779002	0.01922992640871823	0.02964782536122667	0.625	0.6805555555555556
chr7	25000000	30000000	chr7	25000000	30000000	255,255,0	1.1231580416181914	0.013776217008062749	0.017659426751333338	0.7363636363636363	0.7363636363636363
chr7	33000000	38250000	chr7	33000000	38250000	255,255,0	0.7447455484523458	0.01745878552440503	0.010873800724733491	0.5619834710743802	0.512396694214876
chr7	11750000	16500000	chr7	11750000	16500000	255,255,0	0.942268951900072	0.014427149655970913	0.006133730983993743	0.65	0.71
chrX	115500000	118750000	chrX	115500000	118750000	255,255,0	0.7640746875801117	0.0563962599957724	0.02690167617828597	0.5714285714285714	0.5714285714285714
chrX	47500000	52750000	chrX	47500000	52750000	255,255,0	1.2467735728034008	0.048053779907204525	0.024503605917406468	0.8099173553719008	0.6942148760330579
chrX	86500000	113250000	chrX	86500000	113250000	255,255,0	0.7371713579878305	0.03509218750006098	0.0351579285932953	0.6628943758573388	0.5058299039780522
chrX	90750000	96000000	chrX	90750000	96000000	255,255,0	1.4806271829936946	0.024218728028160455	0.044714104531582366	0.8099173553719008	0.8264462809917356
chrX	90250000	113250000	chrX	90250000	113250000	255,255,0	0.6678946109108856	0.03014975894237383	0.031131192165424485	0.5781753940791707	0.5131252164820317
chrX	58000000	81000000	chrX	58000000	81000000	255,255,0	0.9383609393771396	0.029776007967307914	0.027390592943616364	0.7349676225716929	0.5851063829787234
chrX	41250000	46750000	chrX	41250000	46750000	255,255,0	1.1349092216408614	0.030578358853946247	0.020548730027407158	0.7803030303030303	0.75
chrX	87250000	90500000	chrX	87250000	90500000	255,255,0	0.7276520910554861	0.015236343369334533	0.030758263556271915	0.5306122448979592	0.5714285714285714
chrX	135250000	138750000	chrX	135250000	138750000	255,255,0	0.7766267577438231	0.028334365295616396	0.01706716061871029	0.5892857142857143	0.5535714285714286
chrX	115000000	124500000	chrX	115000000	124500000	255,255,0	1.372622649674463	0.020156486852205065	0.025094157336584502	0.8342105263157895	0.8605263157894737
chrX	119500000	124500000	chrX	119500000	124500000	255,255,0	1.2708348117554547	0.009468792996065546	0.03385990212385559	0.7363636363636363	0.8090909090909091
chrX	31000000	37750000	chrX	31000000	37750000	255,255,0	1.2627718195935578	0.016422273388220943	0.026307652434809745	0.6581632653061225	0.8928571428571429
chrX	76000000	80250000	chrX	76000000	80250000	255,255,0	1.0703341536017572	0.016724574455796212	0.02400545735916751	0.6666666666666666	0.7407407407407407
chrX	47250000	57750000	chrX	47250000	57750000	255,255,0	1.6196642437945992	0.027412417167703207	0.013245367473199418	0.9025974025974026	0.9372294372294372
chrX	11750000	15500000	chrX	11750000	15500000	255,255,0	0.9643750036284124	0.02111669168624289	0.018357266547015538	0.609375	0.671875
chrX	20000000	23500000	chrX	20000000	23500000	255,255,0	0.8291890379729931	0.01913439618156587	0.019081730177503482	0.5535714285714286	0.625
chrX	133250000	144500000	chrX	133250000	144500000	255,255,0	1.0093276522713222	0.016715248332304478	0.02014402567824196	0.8506616257088847	0.5339168490153173
chrX	24750000	30500000	chrX	24750000	30500000	255,255,0	1.3686017603508773	0.01822826537185148	0.01740437230613571	0.8263888888888888	0.8402777777777778
chrX	99000000	111000000	chrX	99000000	111000000	255,255,0	0.9588757529364884	0.014742132170254916	0.01993458188669865	0.7516666666666667	0.605
chrX	58000000	63750000	chrX	58000000	63750000	255,255,0	1.410726976636126	0.02023157557057669	0.013404819583449655	0.7708333333333334	0.8541666666666666
chrX	107000000	113500000	chrX	107000000	113500000	255,255,0	0.8087199612335543	0.009213040172618498	0.023991871986737807	0.5439560439560439	0.6868131868131868
chrX	70000000	80750000	chrX	70000000	80750000	255,255,0	1.4304129986037613	0.011666570587531313	0.018150024200258214	0.878099173553719	0.8863636363636364
chrX	70250000	75500000	chrX	70250000	75500000	255,255,0	0.8724436837944392	0.016160433190723432	0.009174649841430228	0.7272727272727273	0.512396694214876
chrX	125000000	130500000	chrX	125000000	130500000	255,255,0	1.208265575151626	0.013354430975476395	0.010189897470099464	0.8106060606060606	0.7196969696969697
chrX	83000000	90500000	chrX	83000000	90500000	255,255,0	0.8157649171839456	0.006703275427100829	0.016086971489911964	0.6458333333333334	0.5875
chrX	99500000	105250000	chrX	99500000	105250000	255,255,0	1.0079745093064694	0.013602676707545253	0.008573448363757001	0.8402777777777778	0.5625
chrX	83000000	87000000	chrX	83000000	87000000	255,255,0	0.9557478493686707	0.00964206259646549	0.007110965375908888	0.7083333333333334	0.625
chr8	88500000	92000000	chr8	88500000	92000000	255,255,0	0.8830750726897887	0.07190858098095361	0.08509475476933395	0.5178571428571429	0.625
chr8	38000000	42000000	chr8	38000000	42000000	255,255,0	1.1330785462129715	0.04624031738393093	0.09043808736487073	0.7083333333333334	0.625
chr8	12500000	17500000	chr8	12500000	17500000	255,255,0	1.5459803542421942	0.06684148206011686	0.03559670054514846	0.7727272727272727	0.7727272727272727
chr8	123250000	127750000	chr8	123250000	127750000	255,255,0	1.23113920147153	0.045910467834099425	0.05583245102721038	0.7444444444444445	0.7222222222222222
chr8	122500000	137500000	chr8	122500000	137500000	255,255,0	1.0222255622694016	0.021806178462506785	0.07196347825781066	0.6440860215053763	0.6445578231292517
chr8	131750000	137000000	chr8	131750000	137000000	255,255,0	1.2843326998714057	0.02710391756718982	0.0646076121977841	0.5454545454545454	0.8016528925619835
chr8	6750000	11750000	chr8	6750000	11750000	255,255,0	1.1974933737628457	0.032413949518529335	0.05912011950179237	0.7	0.7181818181818181
chr8	46000000	50250000	chr8	46000000	50250000	255,255,0	1.3316832073366467	0.04968475523806341	0.03521894758539253	0.7407407407407407	0.7160493827160493
chr8	30500000	42000000	chr8	30500000	42000000	255,255,0	0.8766323897656079	0.028086109699330994	0.05562491748922667	0.6394927536231884	0.5670289855072463
chr8	72250000	76750000	chr8	72250000	76750000	255,255,0	1.329250536660124	0.04454818413819739	0.03685797069434854	0.7666666666666667	0.7444444444444445
chr8	79750000	83500000	chr8	79750000	83500000	255,255,0	1.1030446657157327	0.04710418715737752	0.033168075783506355	0.609375	0.671875
chr8	118000000	121000000	chr8	118000000	121000000	255,255,0	0.7894133704004977	0.030148333050205665	0.04632265578962981	0.5	0.5
chr8	84500000	88250000	chr8	84500000	88250000	255,255,0	1.1033467003190982	0.03754775404324299	0.037974846574613426	0.671875	0.671875
chr8	102250000	106500000	chr8	102250000	106500000	255,255,0	1.1454536380841782	0.06010781082437225	0.00992586648975127	0.7407407407407407	0.6419753086419753
chr8	30750000	37500000	chr8	30750000	37500000	255,255,0	1.4430472803589152	0.023064484018023357	0.04432798853109616	0.8520408163265306	0.7397959183673469
chr8	22750000	27000000	chr8	22750000	27000000	255,255,0	1.2911211360308936	0.03424213857656455	0.023898454056543922	0.7160493827160493	0.7407407407407407
chr8	92750000	98250000	chr8	92750000	98250000	255,255,0	1.0009398864632406	0.019236593644606885	0.03464000941303393	0.5378787878787878	0.7196969696969697
chr8	72000000	88750000	chr8	72000000	88750000	255,255,0	0.8164692376687943	0.021576228921912768	0.025581107994061915	0.551038062283737	0.5562283737024222
chr12	122500000	126750000	chr12	122500000	126750000	255,255,0	1.1406353373919418	0.11511945764745049	0.07009547437472809	0.7407407407407407	0.5185185185185185
chr12	26750000	31250000	chr12	26750000	31250000	255,255,0	1.1878680347471093	0.05882530178579497	0.10070632617871358	0.6284722222222222	0.6770833333333333
chr12	43000000	100250000	chr12	43000000	100250000	255,255,0	0.6946293424082147	0.04289277472846839	0.07901714846575691	0.5023818525519849	0.5046801119366978
chr12	31750000	41000000	chr12	31750000	41000000	255,255,0	1.2273908106199705	0.06644188881682958	0.05409400905338316	0.6980609418282548	0.7534626038781164
chr12	35500000	41250000	chr12	35500000	41250000	255,255,0	0.7131717248112711	0.05752880977923594	0.0627008999299736	0.5085497835497835	0.5275974025974026
chr12	111000000	114500000	chr12	111000000	114500000	255,255,0	1.1347759578438992	0.06608999459606316	0.04406308388692138	0.625	0.625
chr12	14750000	31250000	chr12	14750000	31250000	255,255,0	1.5412682066057646	0.04807619990082327	0.04693583346724861	0.6319073083778967	0.9313725490196079
chr12	108000000	118500000	chr12	108000000	118500000	255,255,0	0.9318078386973403	0.04932272045503966	0.03691615199569709	0.5373345935727789	0.6719388047365362
chr12	79000000	82500000	chr12	79000000	82500000	255,255,0	0.7921971642528343	0.03598853520190178	0.03814870829292895	0.5178571428571429	0.5178571428571429
chr12	110250000	117000000	chr12	110250000	117000000	255,255,0	1.1378697514109823	0.035073544170119195	0.03848379503282029	0.7806122448979592	0.5969387755102041
chr12	55000000	59000000	chr12	55000000	59000000	255,255,0	1.1338663288407695	0.04423240602419104	0.02606516295996006	0.6527777777777778	0.6805555555555556
chr12	41500000	50500000	chr12	41500000	50500000	255,255,0	1.4832196697848716	0.029653979580227557	0.03677485702981627	0.8976608187134503	0.7280701754385965
chr12	98500000	101500000	chr12	98500000	101500000	255,255,0	0.8096441437108041	0.02763381937833606	0.03654036088989731	0.5	0.5
chr12	93250000	101500000	chr12	93250000	101500000	255,255,0	1.1415522789023984	0.030183486969019017	0.029180170240230986	0.5605536332179931	0.8166089965397924
chr12	60500000	64500000	chr12	60500000	64500000	255,255,0	0.9659194828558969	0.024984258064452133	0.02316544876366166	0.5972222222222222	0.625
chr12	101750000	105250000	chr12	101750000	105250000	255,255,0	0.9230697894459173	0.022149278370075024	0.018683635468583686	0.5178571428571429	0.625
chr12	15250000	21750000	chr12	15250000	21750000	255,255,0	1.0981547693105773	0.02015263583841361	0.01480748673028372	0.6318681318681318	0.7527472527472527
