chr1	x1	x2	chr2	y1	y2	color	score	uVarScore	lVarScore	upSign	loSign
chr11	46500000	56500000	chr11	46500000	56500000	255,255,0	0.9633175171750543	0.0908319264261802	0.09565724276108316	0.6818181818181818	0.5
chr11	76000000	106500000	chr11	76000000	106500000	255,255,0	1.442242128263723	0.06768099105689292	0.06029500742475556	0.8647862554112554	0.5050083205325141
chr11	76000000	89000000	chr11	76000000	89000000	255,255,0	0.9532255677932435	0.09125259191259069	0.016668697269737305	0.6208791208791209	0.510989010989011
chr11	34000000	43500000	chr11	34000000	43500000	255,255,0	1.5958150707097023	0.03332020962642632	0.061501028973908994	0.75	0.79
chr11	97000000	106500000	chr11	97000000	106500000	255,255,0	1.0754150844833625	0.010966574252391427	0.047018890583210855	0.53	0.71
chr11	90500000	96500000	chr11	90500000	96500000	255,255,0	0.8957954520266337	0.029128474976594182	0.01904545378787978	0.5	0.5
chr11	20000000	31000000	chr11	20000000	31000000	255,255,0	1.209870213198662	0.027278530032075417	0.01953009139259515	0.6742424242424242	0.7045454545454546
chr10	100000000	112500000	chr10	100000000	112500000	255,255,0	1.4347386885404543	0.06009483360863327	0.04736076281221621	0.8402366863905325	0.6035502958579881
chr10	75500000	87500000	chr10	75500000	87500000	255,255,0	1.243824600032159	0.06027399749915581	0.045031002768091834	0.7115384615384616	0.6602564102564102
chr10	46500000	63500000	chr10	46500000	63500000	255,255,0	1.648588709515576	0.0363133795588155	0.05132216755254651	0.8790849673202614	0.7875816993464052
chr10	89000000	98500000	chr10	89000000	98500000	255,255,0	0.9794929778969226	0.017321051574071045	0.0653919626465321	0.55	0.59
chr10	38500000	45500000	chr10	38500000	45500000	255,255,0	1.0010556497462881	0.022300802600437396	0.038481387839409575	0.5178571428571429	0.625
chr10	16000000	26500000	chr10	16000000	26500000	255,255,0	1.087621834969017	0.011928781795465101	0.008102386660611045	0.7768595041322314	0.6115702479338843
chr2B	106000000	117000000	chr2B	106000000	117000000	255,255,0	1.6855237559019631	0.01648776991915462	0.03905801735292924	0.7196969696969697	0.7954545454545454
chr2B	39000000	54000000	chr2B	39000000	54000000	255,255,0	1.0396233757373445	0.017984541920128334	0.03320537423709124	0.5205357142857143	0.6211309523809523
chr2B	23000000	37000000	chr2B	23000000	37000000	255,255,0	1.213546456209669	0.03592127122327099	0.01175300060428508	0.6619047619047619	0.7095238095238096
chr2B	76000000	83000000	chr2B	76000000	83000000	255,255,0	1.085831091608513	0.018524990352558744	0.016592137116348733	0.5892857142857143	0.5892857142857143
chr2B	38500000	45000000	chr2B	38500000	45000000	255,255,0	0.9388046208339006	0.023161090353570092	0.009148272708113747	0.5306122448979592	0.5306122448979592
chr9	58500000	95000000	chr9	58500000	95000000	255,255,0	1.3037191436643698	0.0636350278061685	0.06454639162002637	0.6121256391526662	0.7262931034482759
chr9	70500000	95000000	chr9	70500000	95000000	255,255,0	1.3983611085573961	0.037500028628105336	0.08095507162461842	0.6944	0.6875
chr9	41000000	56000000	chr9	41000000	56000000	255,255,0	1.6108078715362502	0.05357968106954374	0.03753121304272322	0.6958333333333333	0.8541666666666666
chr9	86500000	94500000	chr9	86500000	94500000	255,255,0	1.0603535157086599	0.030500139086900205	0.0479096320305709	0.5138888888888888	0.5416666666666666
chr9	58500000	70500000	chr9	58500000	70500000	255,255,0	1.4283345282626512	0.04078011186795029	0.03683472801406808	0.7628205128205128	0.6346153846153846
chr9	71500000	80500000	chr9	71500000	80500000	255,255,0	1.3868360537267284	0.04941602829414683	0.01750619389764261	0.7222222222222222	0.6777777777777778
chr9	49000000	56000000	chr9	49000000	56000000	255,255,0	1.1323355375528823	0.010542197438656812	0.05414337376133076	0.5178571428571429	0.625
chr2A	32500000	42500000	chr2A	32500000	42500000	255,255,0	1.0162720894387856	0.05425222804759965	0.06035351372232996	0.6454545454545455	0.5545454545454546
chr2A	75000000	85000000	chr2A	75000000	85000000	255,255,0	1.6460995629088244	0.044920899386197685	0.06943660889543424	0.7545454545454545	0.8090909090909091
chr2A	62000000	71000000	chr2A	62000000	71000000	255,255,0	0.9002558698263091	0.0281502566063423	0.054492163202264604	0.6333333333333333	0.5
chr2A	48500000	60500000	chr2A	48500000	60500000	255,255,0	1.1939783525780006	0.042940096074474	0.03849709602891537	0.5961538461538461	0.75
chr13	34000000	51000000	chr13	34000000	51000000	255,255,0	1.6697948267100897	0.032452321505057974	0.008598258958386906	0.8464052287581699	0.5196078431372549
chr13	41500000	49000000	chr13	41500000	49000000	255,255,0	1.3553765603735717	0.017905247630866147	0.020740602221253884	0.609375	0.671875
chr13	13000000	22000000	chr13	13000000	22000000	255,255,0	1.1869124490856295	0.016823841060451202	0.01044023836317107	0.5	0.6333333333333333
chr13	51000000	58000000	chr13	51000000	58000000	255,255,0	1.0058226244906017	0.0033398997979547096	0.004141965396122263	0.5178571428571429	0.5535714285714286
chr14	58500000	69500000	chr14	58500000	69500000	255,255,0	1.5820646397404396	0.04593087558936948	0.03686677402534258	0.8409090909090909	0.8409090909090909
chr14	18000000	30000000	chr14	18000000	30000000	255,255,0	1.1388585971606464	0.026015935125824494	0.013328617350188674	0.7243589743589743	0.7628205128205128
chr15	10000000	18000000	chr15	10000000	18000000	255,255,0	1.387466797857447	0.06636715119781778	0.04102288513652039	0.625	0.7083333333333334
chr15	23000000	34500000	chr15	23000000	34500000	255,255,0	1.5059768065516668	0.03944731026910319	0.03596448676068325	0.7708333333333334	0.6875
chr15	43500000	52500000	chr15	43500000	52500000	255,255,0	1.2991019625889306	0.014786045740583904	0.0237403762386981	0.7222222222222222	0.6333333333333333
chr17	35500000	67500000	chr17	35500000	67500000	255,255,0	1.0162263668619376	0.07116011801760451	0.05101856542001168	0.5331439393939394	0.46110056925996207
chr17	18500000	27000000	chr17	18500000	27000000	255,255,0	1.3231338526814755	0.016849839993835165	0.03449943114883647	0.5185185185185185	0.5925925925925926
chr16	43500000	51000000	chr16	43500000	51000000	255,255,0	1.5773468969548181	0.03747767648183672	0.07163732051399771	0.640625	0.671875
chr16	31500000	41500000	chr16	31500000	41500000	255,255,0	1.8293653579349989	0.05273272195152784	0.025026991685943342	0.8090909090909091	0.7181818181818181
chr1	108000000	122500000	chr1	108000000	122500000	255,255,0	1.4841032930754527	0.08542693480375324	0.0956320944744759	0.8088888888888889	0.7911111111111111
chr1	64000000	107000000	chr1	64000000	107000000	255,255,0	0.9013654456406821	0.07942115634857455	0.09589197992625403	0.5385835095137421	0.6453488372093024
chr1	113000000	122500000	chr1	113000000	122500000	255,255,0	0.8048479486439721	0.066263089517601	0.09946255727218031	0.6053124999999999	0.5384375
chr1	182000000	197500000	chr1	182000000	197500000	255,255,0	1.2194522278308981	0.03646630612464287	0.04200420523069992	0.58984375	0.84765625
chr1	99500000	106500000	chr1	99500000	106500000	255,255,0	0.9546419107305124	0.004647462087059352	0.06984496682566431	0.5178571428571429	0.625
chr1	93500000	106500000	chr1	93500000	106500000	255,255,0	1.2327472043948076	0.019556975428320265	0.05445180104248852	0.5659340659340659	0.8296703296703297
chr1	159500000	174500000	chr1	159500000	174500000	255,255,0	1.4547556381262756	0.015444044879290464	0.057735440679224426	0.8625	0.8041666666666667
chr1	188500000	197500000	chr1	188500000	197500000	255,255,0	1.178567376096217	0.01997562809814226	0.04863558738480647	0.6333333333333333	0.7444444444444445
chr1	64000000	74500000	chr1	64000000	74500000	255,255,0	1.0240552144169996	0.024250499097786014	0.011138690168996762	0.6611570247933884	0.6611570247933884
chr1	76500000	85000000	chr1	76500000	85000000	255,255,0	1.0102384223826797	0.008365887053317688	0.019441315263471395	0.6419753086419753	0.6666666666666666
chr18	30000000	38000000	chr18	30000000	38000000	255,255,0	1.4897764731605616	0.022952594906465004	0.04151073571452537	0.5416666666666666	0.625
chr18	20000000	27000000	chr18	20000000	27000000	255,255,0	1.4319551284869747	0.024846693832181556	0.012032344830241017	0.625	0.5178571428571429
chr20	37000000	47000000	chr20	37000000	47000000	255,255,0	1.3481028211335548	0.12559937325174209	0.037834542021149525	0.5077777777777778	0.5566666666666666
chr19	13000000	19500000	chr19	13000000	19500000	255,255,0	1.6069271212862228	0.0333356752108476	0.06201665390551465	0.5714285714285714	0.5714285714285714
chr3	60000000	120000000	chr3	60000000	120000000	255,255,0	1.3235981260061132	0.05756348932880691	0.04332498439176504	0.7385245901639345	0.6204918032786885
chr3	67000000	111000000	chr3	67000000	111000000	255,255,0	1.0968999149293497	0.05655056594466651	0.04308642638048622	0.7196969696969697	0.5055555555555555
chr3	73500000	110000000	chr3	73500000	110000000	255,255,0	1.106749563081459	0.054461472772636854	0.045092650442933174	0.6983199415631848	0.5303140978816655
chr3	170500000	178000000	chr3	170500000	178000000	255,255,0	1.1728764427405776	0.03372926243616622	0.04653466831348204	0.609375	0.609375
chr3	17500000	26500000	chr3	17500000	26500000	255,255,0	1.279465675578641	0.04730939415301527	0.015037989209966938	0.7444444444444445	0.5222222222222223
chr3	45500000	53000000	chr3	45500000	53000000	255,255,0	0.9178898206920308	0.02844498424090667	0.030591371442703578	0.515625	0.515625
chr3	111500000	120000000	chr3	111500000	120000000	255,255,0	1.3267774909479804	0.015368685992023784	0.03456808842454075	0.5679012345679012	0.7407407407407407
chr3	91500000	98500000	chr3	91500000	98500000	255,255,0	0.9848102419901477	0.023102440312589397	0.02351836479347725	0.5892857142857143	0.5535714285714286
chr3	99500000	106000000	chr3	99500000	106000000	255,255,0	1.0557924190558405	0.016849568202385784	0.02193343615317603	0.5714285714285714	0.5306122448979592
chr3	76500000	90500000	chr3	76500000	90500000	255,255,0	1.533989182726177	0.02418985467831073	0.01429914040742451	0.7952380952380952	0.7952380952380952
chr3	128000000	139500000	chr3	128000000	139500000	255,255,0	1.159307312294176	0.014722692217964666	0.01894246223173524	0.7430555555555556	0.5486111111111112
chr4	125500000	135500000	chr4	125500000	135500000	255,255,0	0.8542506050183267	0.03842148790200823	0.029562591473936705	0.5659722222222222	0.5451388888888888
chr4	78500000	85500000	chr4	78500000	85500000	255,255,0	1.1133884207129339	0.02778518253765017	0.021354902019282616	0.5178571428571429	0.5535714285714286
chr4	53500000	71500000	chr4	53500000	71500000	255,255,0	1.563037927052488	0.013591901013843164	0.026023662292591447	0.6169590643274854	0.8216374269005848
chr4	173000000	180000000	chr4	173000000	180000000	255,255,0	1.215096073328596	0.006147622816274885	0.02604389590659131	0.5892857142857143	0.5714285714285714
chr4	111000000	118000000	chr4	111000000	118000000	255,255,0	1.0631274879428774	0.016259212695292447	0.013463303594548927	0.5089285714285714	0.5446428571428572
chr4	152000000	161000000	chr4	152000000	161000000	255,255,0	1.09009136943427	0.014733537537065031	0.008379498707529125	0.6333333333333333	0.5
chr6	35500000	43500000	chr6	35500000	43500000	255,255,0	1.2813969141845827	0.02384356843459049	0.05680727035714009	0.6527777777777778	0.625
chr6	57000000	84000000	chr6	57000000	84000000	255,255,0	1.037708934364828	0.04968895927177791	0.014367504694478459	0.6216157834101382	0.5194332437275986
chr6	45500000	56500000	chr6	45500000	56500000	255,255,0	1.3334479896177625	0.04310790615640722	0.01578350537646968	0.7954545454545454	0.5075757575757576
chr6	45500000	85500000	chr6	45500000	85500000	255,255,0	1.409101230117465	0.04190671826734053	0.0166071487308016	0.8742526179617197	0.5036559398695033
chr6	87500000	94500000	chr6	87500000	94500000	255,255,0	1.0337423110191137	0.023800063347552153	0.006171691685086752	0.625	0.5178571428571429
chr6	62000000	69500000	chr6	62000000	69500000	255,255,0	0.9578672199536313	0.007206977888286957	0.01301816383407142	0.515625	0.578125
chr5	110500000	119500000	chr5	110500000	119500000	255,255,0	0.9906685086149498	0.05798638232359674	0.06871711689322543	0.5222222222222223	0.5888888888888889
chr5	34000000	43000000	chr5	34000000	43000000	255,255,0	1.6624750908697103	0.026860966267583553	0.08079778881721597	0.7666666666666667	0.7666666666666667
chr5	46500000	57000000	chr5	46500000	57000000	255,255,0	1.4972678071997092	0.08831438965540778	0.01104861285321797	0.8264462809917356	0.6611570247933884
chr5	61500000	68500000	chr5	61500000	68500000	255,255,0	1.05252591140165	0.01675290666750235	0.008366341602472325	0.625	0.5892857142857143
chr5	61500000	76000000	chr5	61500000	76000000	255,255,0	0.961912296393005	0.010868041392990826	0.00994164378772749	0.6755555555555556	0.5333333333333333
chr5	80500000	90000000	chr5	80500000	90000000	255,255,0	1.0200103347277318	0.011811734498124926	0.007529950138173568	0.61	0.63
chr7	104000000	122500000	chr7	104000000	122500000	255,255,0	1.130367128643151	0.06291923339458283	0.059637485757687354	0.8033240997229917	0.6149584487534626
chr7	74000000	83000000	chr7	74000000	83000000	255,255,0	1.0732072534608408	0.08625048402558991	0.005777961583138416	0.7444444444444445	0.5
chr7	45500000	55500000	chr7	45500000	55500000	255,255,0	1.1351480109494703	0.01907024257812638	0.07198580120642714	0.5363636363636364	0.7363636363636363
chr7	138500000	145500000	chr7	138500000	145500000	255,255,0	0.9139467166142303	0.033095672942248834	0.057385647655043615	0.5535714285714286	0.5892857142857143
chr7	74000000	93500000	chr7	74000000	93500000	255,255,0	1.8115849360597303	0.05119633091085818	0.032170269272006655	0.9275	0.8925
chr7	10500000	20500000	chr7	10500000	20500000	255,255,0	0.903743069288609	0.04697303528040009	0.017547839509940957	0.5	0.7
chr7	33000000	43500000	chr7	33000000	43500000	255,255,0	0.7306213825104111	0.013779311354836834	0.014835931489300448	0.512396694214876	0.5454545454545454
chr7	23500000	29500000	chr7	23500000	29500000	255,255,0	0.6922273360184715	0.007914992523145817	0.008794873958918065	0.5	0.5
chrX	58000000	81000000	chrX	58000000	81000000	255,255,0	1.160134265682098	0.026173344399400014	0.023354939409582963	0.7192028985507246	0.5887681159420289
chrX	47500000	57500000	chrX	47500000	57500000	255,255,0	1.583762035335652	0.029668098613925394	0.017061526674254104	0.7727272727272727	0.7909090909090909
chrX	115000000	124000000	chrX	115000000	124000000	255,255,0	1.303561078205166	0.014437763462339066	0.021225378657869498	0.6777777777777778	0.7222222222222222
chrX	58000000	65500000	chrX	58000000	65500000	255,255,0	1.0852718102678671	0.01487410631094373	0.01449831313703151	0.671875	0.578125
chrX	70000000	81000000	chrX	70000000	81000000	255,255,0	1.5998231722745517	0.009703526240338007	0.016593854131849148	0.8106060606060606	0.8409090909090909
chrX	98500000	111000000	chrX	98500000	111000000	255,255,0	1.2297896821060057	0.0093791534326064	0.01436642647844033	0.7692307692307693	0.6390532544378699
chr8	12000000	19000000	chr8	12000000	19000000	255,255,0	1.2464056769193719	0.06298813290705285	0.02479585033586885	0.5535714285714286	0.5535714285714286
chr8	30500000	40500000	chr8	30500000	40500000	255,255,0	1.2510060579572673	0.022867485581249868	0.030751190892789687	0.5698515769944341	0.5789424860853433
chr8	45000000	51500000	chr8	45000000	51500000	255,255,0	1.2133565489763436	0.02546564200784584	0.011426934850299003	0.5306122448979592	0.5306122448979592
chr8	70000000	88000000	chr8	70000000	88000000	255,255,0	1.2001797195539536	0.011439619129257325	0.019161722006119757	0.6573787409700722	0.5032679738562091
chr12	25000000	31000000	chr12	25000000	31000000	255,255,0	0.978685470571247	0.029113740050408444	0.10588286272360745	0.5	0.5
chr12	32000000	41000000	chr12	32000000	41000000	255,255,0	1.3941566921347204	0.05814640335665362	0.0446118117472066	0.6555555555555556	0.7444444444444445
chr12	43000000	101500000	chr12	43000000	101500000	255,255,0	0.9557897089283666	0.03375742689986144	0.06434951662580293	0.5412237862683137	0.5407889697433933
chr12	67500000	101000000	chr12	67500000	101000000	255,255,0	0.8912677853211444	0.03074847929380328	0.0649315877244875	0.4524221453287197	0.5491228070175439
chr12	57000000	101500000	chr12	57000000	101500000	255,255,0	1.0239755043912788	0.03304597005878046	0.062047932847640305	0.5264197530864198	0.5770308123249299
chr12	13500000	31000000	chr12	13500000	31000000	255,255,0	1.6605278545252287	0.03910403715492775	0.04708698800782318	0.5462962962962963	0.8858024691358025
chr12	41500000	50500000	chr12	41500000	50500000	255,255,0	1.5343083824348336	0.03805961647410691	0.02263133257443972	0.7666666666666667	0.6777777777777778
chr12	108500000	117000000	chr12	108500000	117000000	255,255,0	1.199932959492695	0.031022098299027284	0.027938294701195524	0.6172839506172839	0.6419753086419753
chr12	15000000	22500000	chr12	15000000	22500000	255,255,0	0.9444841931764894	0.020112595689797938	0.007834322987493338	0.5089285714285714	0.5625
